# t[days] lsstu lsstg lsstr lssti lsstz lssty f062 f087 f106 f129 f158 f184 f213 f146 
0.103 24.869 25.162 25.884 27.371 26.170 25.839 25.965 26.109 27.041 27.084 29.722 32.484 27.935 27.546 
0.109 22.032 22.091 23.292 23.572 23.438 22.490 22.987 23.063 23.017 24.322 25.714 23.423 27.675 23.675 
0.116 22.127 21.936 22.220 22.871 23.419 22.198 22.422 22.828 22.349 22.999 25.122 22.716 23.572 22.990 
0.122 21.674 22.162 21.561 22.779 21.682 24.079 21.897 22.252 22.932 23.138 24.244 24.895 29.969 23.610 
0.130 21.663 22.240 22.193 22.033 22.345 22.437 22.073 22.434 23.239 23.124 24.605 25.025 27.048 23.585 
0.137 22.136 21.895 22.140 21.969 23.466 21.687 22.090 22.062 22.264 23.046 24.347 24.858 22.838 23.126 
0.145 22.084 21.915 22.450 22.554 22.431 22.343 22.430 22.351 22.146 23.027 24.387 25.588 26.698 23.050 
0.154 22.461 22.335 22.695 22.005 22.879 22.447 22.383 22.654 22.994 23.341 23.921 24.920 24.987 23.485 
0.163 22.409 22.160 22.567 22.649 22.392 22.446 22.431 22.467 23.124 22.982 22.778 23.321 25.749 23.005 
0.173 22.142 22.350 22.442 22.607 22.640 22.324 22.466 22.574 22.842 22.960 23.418 24.026 23.623 23.108 
0.183 22.305 22.248 22.558 22.241 22.193 22.956 22.390 22.302 23.581 22.854 22.678 23.195 24.067 22.977 
0.194 22.347 22.580 22.530 22.773 22.360 22.438 22.594 22.475 22.907 23.379 22.854 22.577 23.814 22.814 
0.206 22.609 22.759 22.833 22.671 22.719 23.296 22.812 22.780 23.166 23.185 23.087 23.709 23.683 23.290 
0.218 22.506 22.500 22.488 23.217 22.426 23.021 22.554 22.740 23.562 23.015 22.811 23.161 23.680 23.142 
0.231 22.800 22.662 22.506 23.221 23.186 23.614 22.640 23.341 23.236 23.507 23.491 24.082 24.757 23.496 
0.244 22.627 22.689 22.889 22.991 23.159 22.902 22.938 22.975 23.282 23.339 23.658 23.245 23.921 23.347 
0.259 22.765 22.895 23.012 23.096 22.994 23.415 23.049 23.067 23.498 22.919 22.712 22.858 23.070 23.079 
0.274 22.761 22.975 23.030 23.342 23.119 23.612 23.067 23.324 23.658 23.573 23.249 23.568 23.870 23.527 
0.290 22.892 23.029 23.111 23.318 23.354 23.410 23.162 23.418 23.912 23.907 23.867 23.429 24.077 23.785 
0.308 22.931 23.078 23.347 23.415 23.655 23.699 23.360 23.585 23.568 23.782 23.714 23.668 22.996 23.643 
0.326 23.072 23.300 23.218 23.241 23.199 23.221 23.299 23.160 23.379 23.803 23.622 24.191 23.694 23.658 
0.345 23.153 23.090 23.172 23.141 23.616 23.266 23.121 23.417 23.411 23.630 24.163 24.032 23.771 23.716 
0.366 23.082 23.232 23.309 23.345 23.502 23.151 23.281 23.392 23.195 23.566 24.118 24.271 23.428 23.705 
0.387 23.175 23.139 22.950 23.254 23.416 23.036 23.052 23.278 22.914 23.325 23.465 24.086 23.728 23.352 
0.410 23.314 23.385 23.543 23.582 23.382 23.403 23.525 23.473 23.177 23.354 23.947 23.930 23.450 23.507 
0.435 23.435 23.355 23.435 23.404 23.525 23.341 23.409 23.401 23.550 23.707 23.929 24.285 24.061 23.810 
0.461 23.565 23.435 23.394 23.384 23.433 23.737 23.373 23.507 23.536 23.553 23.604 23.691 24.140 23.599 
0.488 23.707 23.486 23.434 23.207 23.345 23.307 23.388 23.320 23.462 23.633 23.778 23.683 23.547 23.597 
0.517 23.681 23.615 23.441 23.337 23.511 23.712 23.419 23.539 23.738 23.637 23.753 23.511 23.754 23.640 
0.547 23.855 23.721 23.562 23.521 23.333 23.513 23.589 23.419 23.506 23.545 23.633 23.848 24.011 23.609 
0.580 23.809 23.646 23.501 23.450 23.469 23.551 23.525 23.480 23.564 23.642 23.636 23.849 24.200 23.653 
0.614 24.059 23.628 23.581 23.496 23.479 23.644 23.562 23.528 23.608 23.567 23.643 23.608 23.784 23.612 
0.651 24.120 23.818 23.593 23.439 23.450 23.658 23.586 23.493 23.536 23.496 23.676 23.680 23.624 23.588 
0.689 24.258 23.834 23.592 23.409 23.535 23.511 23.562 23.493 23.618 23.589 23.707 23.743 23.662 23.666 
0.730 24.454 23.805 23.652 23.363 23.517 23.388 23.597 23.406 23.501 23.570 23.686 23.745 23.702 23.598 
0.773 24.492 23.930 23.621 23.510 23.456 23.363 23.643 23.415 23.434 23.461 23.524 23.623 23.842 23.505 
0.819 24.787 24.040 23.662 23.534 23.478 23.447 23.704 23.441 23.482 23.516 23.486 23.475 23.697 23.502 
0.868 25.019 24.132 23.686 23.534 23.476 23.492 23.724 23.477 23.476 23.502 23.629 23.547 23.668 23.537 
0.919 25.327 24.273 23.820 23.611 23.529 23.462 23.833 23.491 23.526 23.497 23.472 23.560 23.718 23.508 
0.974 25.521 24.470 23.872 23.654 23.538 23.443 23.918 23.509 23.459 23.503 23.472 23.522 23.801 23.480 
1.032 25.670 24.533 23.979 23.723 23.574 23.499 23.997 23.567 23.533 23.475 23.544 23.556 23.698 23.524 
1.093 26.160 24.692 24.046 23.867 23.606 23.434 24.099 23.594 23.445 23.472 23.439 23.580 23.728 23.473 
1.158 26.275 24.817 24.092 23.842 23.602 23.575 24.137 23.623 23.562 23.440 23.467 23.548 23.639 23.508 
1.226 26.788 24.919 24.323 23.989 23.846 23.664 24.326 23.782 23.644 23.520 23.595 23.586 23.608 23.589 
1.299 27.023 25.072 24.348 23.995 23.779 23.682 24.355 23.769 23.634 23.522 23.524 23.646 23.562 23.585 
1.376 27.271 25.272 24.421 24.073 23.818 23.651 24.472 23.795 23.582 23.462 23.487 23.548 23.646 23.519 
1.458 27.483 25.328 24.468 24.195 23.924 23.698 24.521 23.883 23.601 23.489 23.496 23.659 23.636 23.554 
1.544 27.908 25.461 24.511 24.238 23.921 23.780 24.575 23.939 23.629 23.487 23.502 23.615 23.638 23.552 
1.636 28.190 25.617 24.551 24.239 23.921 23.736 24.616 23.896 23.614 23.475 23.465 23.579 23.502 23.534 
1.733 28.543 25.776 24.692 24.316 23.958 23.788 24.750 23.970 23.623 23.510 23.429 23.542 23.548 23.529 
1.836 29.130 25.964 24.760 24.423 24.045 23.878 24.835 24.051 23.696 23.510 23.475 23.576 23.542 23.571 
1.944 29.330 26.194 24.903 24.483 24.035 23.841 24.951 24.045 23.710 23.549 23.457 23.596 23.533 23.574 
2.060 29.880 26.401 25.053 24.551 24.147 23.922 25.092 24.145 23.705 23.562 23.461 23.665 23.537 23.586 
2.182 30.210 26.557 25.216 24.664 24.200 24.078 25.231 24.244 23.801 23.585 23.482 23.645 23.526 23.622 
2.311 30.268 26.809 25.411 24.828 24.257 24.001 25.415 24.294 23.784 23.629 23.499 23.664 23.491 23.639 
2.448 31.213 27.082 25.569 24.907 24.374 24.173 25.541 24.426 23.897 23.694 23.456 23.663 23.544 23.670 
2.594 31.459 27.397 25.752 25.034 24.526 24.218 25.733 24.539 23.927 23.705 23.463 23.673 23.528 23.682 
2.747 32.069 27.953 26.104 25.166 24.632 24.263 25.985 24.638 23.970 23.739 23.453 23.715 23.543 23.712 
2.910 33.149 28.269 26.463 25.358 24.771 24.391 26.276 24.797 24.053 23.796 23.449 23.683 23.551 23.737 
3.083 33.320 28.660 26.724 25.520 24.877 24.470 26.483 24.894 24.126 23.869 23.469 23.683 23.579 23.775 
3.266 34.294 29.049 27.100 25.674 25.051 24.608 26.764 25.062 24.257 23.939 23.513 23.692 23.589 23.833 
3.459 34.829 29.397 27.400 25.809 25.255 24.767 26.978 25.226 24.361 24.041 23.541 23.658 23.586 23.880 
3.665 35.462 29.808 27.689 26.051 25.551 24.946 27.295 25.464 24.543 24.188 23.602 23.687 23.587 23.968 
3.882 39.864 30.202 28.082 26.268 25.753 25.129 27.607 25.643 24.665 24.304 23.677 23.705 23.629 24.050 
4.112 38.500 30.551 28.355 26.523 25.968 25.300 27.903 25.854 24.830 24.426 23.711 23.718 23.646 24.112 
4.356 37.436 31.206 28.756 26.840 26.247 25.491 28.312 26.088 24.998 24.547 23.778 23.720 23.674 24.182 
4.614 46.479 31.670 29.154 27.120 26.487 25.712 28.692 26.336 25.159 24.668 23.835 23.748 23.680 24.260 
4.888 50.105 32.315 29.478 27.523 26.772 25.847 29.153 26.570 25.319 24.806 23.914 23.747 23.710 24.326 
5.178 61.806 32.989 30.003 27.918 27.129 26.176 29.674 26.924 25.551 24.989 23.991 23.747 23.709 24.411 
5.485 51.084 33.383 30.453 28.593 27.520 26.458 30.185 27.332 25.765 25.122 24.118 23.811 23.775 24.520 
5.810 68.373 34.462 31.257 28.964 28.038 26.753 30.927 27.694 26.022 25.260 24.201 23.841 23.818 24.607 
6.155 63.196 36.655 32.082 29.449 28.476 27.050 31.464 28.078 26.233 25.416 24.318 23.939 23.897 24.729 
6.520 nan 34.902 32.478 30.011 28.935 27.411 32.004 28.510 26.532 25.631 24.467 24.005 23.951 24.854 
6.906 nan 36.017 33.523 30.652 29.236 27.758 32.753 28.939 26.745 25.803 24.588 24.103 24.055 24.977 
7.316 81.362 35.287 33.931 31.077 29.817 28.165 33.202 29.394 26.988 25.903 24.673 24.208 24.153 25.083 
7.750 88.467 39.640 34.402 31.057 29.996 28.447 33.181 29.599 27.250 26.054 24.795 24.328 24.286 25.219 
8.210 nan 36.717 34.640 31.758 30.922 28.939 34.010 30.315 27.505 26.276 24.948 24.482 24.391 25.376 
8.696 91.743 39.538 33.944 32.341 30.886 29.038 34.209 30.454 27.704 26.421 25.125 24.670 24.549 25.552 
9.212 94.643 41.806 36.405 32.753 31.420 29.435 35.416 30.817 28.055 26.621 25.272 24.871 24.740 25.737 
9.759 93.920 60.589 40.217 33.723 31.451 29.665 38.128 31.080 28.294 26.822 25.385 25.035 24.943 25.889 
10.337 96.158 44.900 41.507 33.807 32.476 29.928 36.649 31.469 28.755 27.056 25.525 25.234 25.125 26.074 
10.950 nan nan 37.565 35.388 32.659 30.443 37.436 32.090 29.074 27.319 25.703 25.382 25.324 26.248 
11.600 99.298 65.878 48.718 34.331 33.148 30.883 36.916 32.497 29.394 27.576 25.931 25.597 25.565 26.478 
12.288 nan 79.079 50.773 36.007 34.176 31.662 38.290 33.324 30.043 27.841 26.160 25.802 25.831 26.701 
13.016 102.537 85.061 58.186 34.990 33.881 31.740 46.716 33.211 30.501 28.200 26.463 26.096 26.197 27.014 
13.788 103.163 nan 47.231 42.100 34.031 32.441 46.113 33.799 30.906 28.583 26.749 26.331 26.496 27.288 
14.606 104.224 nan nan 44.085 37.757 33.521 45.948 35.727 31.673 29.070 27.151 26.747 26.863 27.701 
15.472 104.594 nan 67.620 39.105 37.491 33.541 43.539 35.053 32.062 29.461 27.508 27.172 27.322 28.107 
16.390 108.121 nan 86.717 46.736 36.880 34.222 60.097 36.487 32.524 29.820 27.936 27.653 27.785 28.562 
17.362 108.944 nan 86.547 42.718 39.414 33.988 nan 35.697 32.587 30.064 28.322 28.224 28.041 28.997 
18.392 nan 93.891 82.632 39.932 37.625 34.853 nan 36.960 33.089 30.547 28.685 28.969 28.609 29.515 
19.482 nan 94.281 nan nan 35.654 35.320 nan 36.094 33.351 31.604 29.493 29.698 29.180 30.289 
20.638 113.659 96.899 nan 82.292 nan 37.034 nan 45.187 35.125 32.444 30.579 30.830 30.331 31.401 
21.862 113.624 nan 91.997 nan 77.083 nan 89.137 77.561 39.196 35.622 33.089 32.554 31.897 33.630 
23.158 114.743 nan 94.315 84.220 nan nan 91.630 nan 78.006 35.877 34.381 34.836 32.786 35.289 
24.532 115.467 nan 94.750 86.181 80.575 79.934 91.669 80.555 78.607 nan 36.239 34.484 33.224 35.791 
25.987 116.887 nan 94.940 nan 81.736 80.534 95.583 81.354 79.493 nan 71.608 37.373 33.355 38.950 
27.528 118.691 nan 96.045 nan 83.091 81.359 nan 82.524 81.836 nan nan nan 34.493 nan 
29.160 118.699 nan 99.036 nan nan nan nan nan nan nan 48.731 36.053 34.834 37.630 
30.890 inf inf inf inf inf inf inf inf inf inf inf inf inf inf 
