# t[days] lsstu lsstg lsstr lssti lsstz lssty f062 f087 f106 f129 f158 f184 f213 f146 
0.103 22.248 23.149 24.337 24.620 24.482 25.053 24.286 24.858 25.226 25.317 24.989 30.698 23.541 25.267 
0.109 19.451 19.688 20.616 20.653 22.150 20.611 20.344 22.674 20.246 25.684 27.440 24.338 30.746 21.468 
0.116 18.799 19.337 19.798 22.307 19.013 20.370 20.078 19.513 21.020 23.090 23.896 22.992 25.438 21.962 
0.122 18.557 19.300 19.971 19.627 21.773 22.050 19.574 21.352 21.086 21.459 22.527 22.646 23.559 21.572 
0.130 18.593 18.564 19.299 19.340 18.496 21.176 19.109 19.001 20.702 21.656 20.339 23.057 22.767 20.824 
0.137 18.631 18.751 19.772 20.333 21.577 20.076 19.575 21.119 20.279 20.435 21.112 20.714 22.532 20.466 
0.145 18.596 18.668 19.252 19.943 20.455 20.277 19.302 20.154 20.411 20.213 21.993 21.103 20.070 20.810 
0.154 18.419 18.555 18.864 19.707 19.217 19.412 19.066 19.254 20.072 20.096 20.463 21.328 23.616 20.404 
0.163 18.353 18.749 18.836 19.615 19.597 19.301 18.939 19.558 19.742 20.717 20.959 20.377 20.785 20.197 
0.173 18.567 18.763 18.998 19.616 20.059 19.974 19.028 19.786 19.884 20.446 21.757 20.353 23.616 20.409 
0.183 18.803 19.016 19.032 19.377 19.334 20.101 19.076 19.587 19.959 20.111 20.306 20.072 19.862 20.044 
0.194 18.660 18.900 19.247 19.530 20.725 19.801 19.271 20.074 20.027 19.797 20.542 20.808 22.652 20.193 
0.206 18.743 18.836 19.209 19.751 19.447 20.367 19.215 19.724 20.282 20.461 20.894 21.002 21.240 20.517 
0.218 18.790 18.872 19.180 19.355 20.148 20.402 19.134 19.936 19.989 20.147 21.202 20.220 21.866 20.277 
0.231 18.865 19.009 19.459 19.676 19.706 19.519 19.443 19.548 19.779 20.237 21.005 21.009 21.687 20.324 
0.244 19.005 19.176 19.339 19.399 19.523 19.409 19.325 19.494 19.602 19.803 20.793 20.316 21.067 20.045 
0.259 19.123 19.338 19.321 19.593 20.017 20.028 19.411 19.861 19.850 19.911 20.224 21.456 21.110 20.192 
0.274 19.305 19.289 19.376 19.311 19.661 19.948 19.330 19.694 20.053 20.089 20.292 20.704 21.867 20.225 
0.290 19.312 19.243 19.251 19.516 19.531 19.750 19.330 19.575 19.682 19.974 20.402 20.446 20.503 20.073 
0.308 19.457 19.252 19.201 19.477 19.558 20.002 19.256 19.662 19.731 19.609 20.170 20.875 20.770 19.912 
0.326 19.414 19.323 19.377 19.300 19.166 19.591 19.343 19.305 19.626 19.548 20.259 20.146 20.557 19.808 
0.345 19.560 19.293 19.288 19.223 19.589 19.255 19.282 19.337 19.517 19.597 20.053 20.183 20.326 19.737 
0.366 19.709 19.382 19.362 19.271 19.344 19.297 19.323 19.343 19.349 19.508 19.958 20.778 20.746 19.716 
0.387 20.094 19.431 19.269 19.291 19.209 19.492 19.291 19.291 19.471 19.473 19.837 20.318 20.373 19.687 
0.410 20.353 19.654 19.307 19.258 19.116 19.259 19.355 19.145 19.270 19.429 19.537 19.833 20.124 19.501 
0.435 20.513 19.689 19.422 19.188 19.332 19.370 19.377 19.308 19.352 19.328 19.473 19.845 20.092 19.485 
0.461 20.691 19.984 19.630 19.491 19.421 19.512 19.627 19.469 19.439 19.453 19.434 19.772 19.961 19.503 
0.488 20.961 20.166 19.727 19.564 19.491 19.545 19.734 19.525 19.466 19.408 19.508 19.766 19.597 19.518 
0.517 21.268 20.357 19.828 19.747 19.629 19.609 19.869 19.666 19.624 19.544 19.594 19.863 19.885 19.626 
0.547 21.619 20.554 20.091 19.718 19.782 19.630 20.037 19.722 19.617 19.560 19.680 19.796 19.966 19.655 
0.580 21.830 20.658 20.150 19.976 19.772 19.941 20.160 19.869 19.777 19.595 19.529 19.622 20.059 19.640 
0.614 21.886 20.857 20.318 20.052 19.872 19.997 20.306 19.935 19.840 19.611 19.736 19.683 20.120 19.740 
0.651 22.490 21.253 20.532 20.229 19.997 20.100 20.549 20.057 20.052 19.718 19.706 19.683 19.954 19.803 
0.689 22.640 21.378 20.725 20.265 20.057 20.262 20.645 20.183 20.093 19.853 19.769 19.802 20.171 19.888 
0.730 22.835 21.690 20.876 20.444 20.070 20.190 20.870 20.174 20.086 19.831 19.879 19.987 20.080 19.945 
0.773 23.326 21.971 21.023 20.483 20.261 20.154 20.967 20.249 20.201 19.884 19.813 19.918 19.959 19.943 
0.819 23.518 22.158 21.297 20.666 20.454 20.433 21.245 20.442 20.273 19.901 19.930 19.978 20.305 20.026 
0.868 24.048 22.601 21.541 20.952 20.514 20.523 21.487 20.607 20.457 20.004 19.937 20.091 20.209 20.120 
0.919 24.033 22.809 21.747 21.015 20.695 20.627 21.650 20.727 20.517 20.075 19.938 19.955 20.197 20.125 
0.974 24.556 23.047 21.982 21.237 20.902 20.729 21.866 20.917 20.613 20.104 20.011 20.066 20.303 20.189 
1.032 24.280 23.211 22.136 21.385 20.870 20.922 22.050 20.990 20.673 20.138 20.083 20.152 20.283 20.260 
1.093 25.705 23.585 22.246 21.562 21.193 21.023 22.230 21.197 20.835 20.223 20.173 20.174 20.328 20.339 
1.158 25.854 24.011 22.442 21.700 21.276 21.179 22.421 21.293 20.964 20.308 20.222 20.266 20.420 20.428 
1.226 26.296 24.146 22.609 21.914 21.544 21.294 22.566 21.534 21.018 20.389 20.342 20.361 20.381 20.524 
1.299 26.524 24.168 22.754 22.060 21.588 21.478 22.716 21.646 21.185 20.493 20.329 20.437 20.636 20.598 
1.376 27.218 24.668 23.191 22.244 21.719 21.542 23.104 21.761 21.203 20.554 20.446 20.465 20.719 20.664 
1.458 27.815 25.150 23.480 22.409 22.087 21.770 23.375 22.017 21.381 20.592 20.531 20.577 20.654 20.746 
1.544 27.902 25.179 23.476 22.662 22.085 21.886 23.461 22.123 21.450 20.708 20.609 20.575 20.665 20.825 
1.636 27.952 25.800 23.938 22.854 22.348 21.964 23.771 22.335 21.486 20.752 20.649 20.648 20.793 20.864 
1.733 28.830 25.865 24.070 23.153 22.562 22.047 24.023 22.509 21.627 20.897 20.726 20.686 20.812 20.961 
1.836 29.242 26.303 24.371 23.357 22.698 22.308 24.245 22.739 21.783 20.929 20.741 20.722 20.753 21.004 
1.944 29.570 26.456 24.593 23.450 22.859 22.382 24.416 22.839 21.849 20.980 20.760 20.810 20.807 21.057 
2.060 30.344 27.067 24.925 23.685 23.091 22.538 24.787 23.061 21.994 21.052 20.751 20.785 20.801 21.090 
2.182 29.226 27.270 25.119 23.845 23.252 22.573 24.901 23.161 22.059 21.135 20.808 20.820 20.810 21.144 
2.311 30.596 27.757 25.431 24.142 23.522 22.694 25.197 23.404 22.163 21.172 20.779 20.803 20.854 21.157 
2.448 36.230 27.758 25.839 24.260 23.607 22.853 25.442 23.502 22.308 21.222 20.772 20.763 20.856 21.164 
2.594 34.195 28.574 26.121 24.467 23.771 23.085 25.640 23.746 22.433 21.266 20.762 20.794 20.890 21.200 
2.747 34.314 28.533 26.281 24.791 24.105 23.223 25.953 23.964 22.547 21.341 20.776 20.784 20.870 21.224 
2.910 31.547 28.992 26.768 25.050 24.146 23.359 26.305 24.100 22.655 21.407 20.822 20.820 20.859 21.278 
3.083 39.894 30.026 27.202 25.292 24.452 23.431 26.610 24.299 22.737 21.507 20.835 20.812 20.873 21.311 
3.266 nan 29.773 27.365 25.608 24.645 23.572 26.859 24.500 22.850 21.554 20.853 20.870 20.881 21.352 
3.459 46.246 30.231 27.855 25.751 24.840 23.791 27.120 24.697 22.980 21.638 20.895 20.890 20.918 21.403 
3.665 48.425 30.835 27.910 26.203 24.998 23.903 27.419 24.855 23.051 21.723 20.919 20.897 20.943 21.446 
3.882 55.936 31.422 28.428 26.263 25.206 24.054 27.530 25.041 23.167 21.801 20.931 20.889 20.963 21.465 
4.112 63.777 31.884 29.054 26.765 25.367 24.173 28.251 25.175 23.281 21.898 21.024 20.949 21.048 21.551 
4.356 60.642 30.736 28.930 27.180 25.601 24.334 28.395 25.423 23.445 22.015 21.072 20.977 21.092 21.609 
4.614 67.405 32.753 29.535 27.411 25.991 24.522 28.827 25.671 23.626 22.115 21.141 21.051 21.134 21.691 
4.888 65.787 34.291 31.058 27.925 26.188 24.718 29.755 25.909 23.801 22.280 21.207 21.098 21.227 21.772 
5.178 62.841 35.532 32.155 28.464 26.739 24.981 30.535 26.291 23.956 22.393 21.297 21.179 21.321 21.869 
5.485 75.042 37.225 32.918 28.988 27.090 25.466 30.863 26.766 24.211 22.543 21.419 21.269 21.449 21.989 
5.810 85.967 38.974 33.846 29.469 27.134 25.711 31.373 26.999 24.414 22.742 21.551 21.389 21.604 22.135 
6.155 86.552 52.090 33.770 29.356 27.591 25.971 31.795 27.290 24.688 22.921 21.697 21.520 21.773 22.288 
6.520 88.255 56.150 32.454 29.992 27.683 26.354 31.625 27.638 24.946 23.131 21.847 21.633 21.951 22.433 
6.906 nan 61.373 33.530 30.305 28.517 26.524 32.201 27.982 25.232 23.369 22.032 21.772 22.175 22.616 
7.316 nan 49.842 33.427 30.976 28.625 27.103 33.156 28.503 25.500 23.545 22.243 21.943 22.307 22.804 
7.750 nan 67.605 36.220 29.966 29.911 27.565 35.314 28.984 25.748 23.708 22.439 22.121 22.473 22.984 
8.210 nan 60.735 40.834 33.061 29.580 27.786 35.740 29.151 25.962 23.853 22.674 22.348 22.683 23.202 
8.696 nan 50.539 38.942 35.185 29.720 28.083 39.004 29.426 26.176 24.019 22.919 22.553 22.799 23.414 
9.212 nan 55.149 35.892 33.355 30.042 28.251 35.304 29.728 26.130 24.073 23.135 22.740 22.890 23.583 
9.759 nan 47.109 35.260 31.346 29.351 28.000 34.444 29.317 25.963 24.072 23.327 22.941 22.977 23.735 
10.337 91.832 35.209 33.506 29.964 28.281 27.260 32.534 28.271 25.699 24.061 23.483 23.152 22.992 23.859 
10.950 nan 38.783 32.789 29.853 28.246 27.084 32.093 28.068 25.640 24.106 23.559 23.307 23.052 23.953 
11.600 nan 38.262 32.784 30.201 28.452 27.224 32.409 28.323 25.752 24.261 23.733 23.462 23.214 24.117 
12.288 nan 37.936 34.792 30.582 28.718 27.474 34.027 28.578 26.020 24.341 23.846 23.611 23.276 24.251 
13.016 97.116 42.313 38.507 31.033 29.212 27.692 35.653 28.915 26.199 24.503 23.946 23.741 23.345 24.382 
13.788 nan nan 37.764 31.156 29.560 28.021 34.302 29.243 26.536 24.595 24.048 23.839 23.435 24.496 
14.606 nan nan 37.548 32.714 30.399 28.587 35.306 29.998 26.915 24.788 24.194 24.016 23.607 24.670 
15.472 nan 82.197 41.787 33.074 30.699 28.869 37.603 30.271 27.277 24.946 24.337 24.143 23.718 24.826 
16.390 112.293 83.263 45.271 32.273 31.375 29.004 38.845 30.642 27.560 25.186 24.538 24.357 23.926 25.038 
17.362 112.983 nan 52.545 35.654 31.272 29.458 38.622 30.854 28.104 25.469 24.928 24.727 24.258 25.398 
18.392 112.948 nan 79.854 34.443 31.278 29.908 53.834 31.073 28.787 25.934 25.322 25.168 24.731 25.848 
19.482 113.292 91.998 83.274 nan 32.611 30.656 65.823 32.273 29.611 26.636 26.128 26.021 25.598 26.654 
20.638 115.481 88.159 84.452 nan 35.358 32.257 83.020 33.211 32.206 28.509 28.025 27.741 26.970 28.467 
21.862 nan 90.356 nan nan 73.692 75.605 81.676 nan nan 31.895 30.585 29.111 28.114 30.464 
23.158 119.774 nan nan nan 75.312 76.502 84.263 79.565 nan 33.511 32.013 30.056 28.426 31.502 
24.532 nan 92.461 nan nan nan 77.089 84.900 nan 75.400 35.607 31.956 30.889 28.676 32.140 
25.987 nan 93.948 nan nan nan 77.515 86.710 nan 76.346 55.164 33.592 30.345 29.376 31.847 
27.528 nan nan nan nan nan 78.778 nan nan 78.495 69.694 33.248 31.114 29.567 32.567 
29.160 nan nan 93.059 nan 79.787 77.799 87.533 78.266 nan nan 35.297 31.685 31.004 33.262 
30.890 inf inf inf inf inf inf inf inf inf inf inf inf inf inf 
