# t[days] lsstu lsstg lsstr lssti lsstz lssty f062 f087 f106 f129 f158 f184 f213 f146 
0.103 23.390 23.690 25.702 25.314 22.905 26.866 25.495 23.643 27.745 28.693 28.450 27.301 35.456 27.989 
0.109 20.088 20.642 21.058 23.112 22.738 25.331 21.229 23.212 23.829 22.379 29.486 30.321 31.598 23.379 
0.116 20.168 20.907 20.354 21.235 23.188 25.188 20.665 22.271 24.662 24.535 23.021 23.779 24.758 23.640 
0.122 20.074 20.237 20.932 20.126 22.644 21.405 20.743 20.821 21.681 21.714 24.146 25.414 30.907 22.293 
0.130 20.421 19.903 20.773 22.042 21.469 20.680 20.711 21.358 21.512 23.775 22.462 24.410 24.506 22.255 
0.137 19.870 21.252 20.771 21.268 21.483 19.897 20.983 20.888 20.909 21.946 21.642 23.705 23.040 21.545 
0.145 20.122 20.510 21.028 20.520 21.569 20.960 21.061 20.763 20.840 24.410 21.514 21.261 22.598 21.537 
0.154 19.768 19.945 20.179 20.987 20.937 20.809 20.300 20.856 20.689 20.698 24.013 27.523 21.665 21.339 
0.163 19.773 20.560 20.675 20.380 22.124 20.995 20.641 21.218 20.971 20.770 21.814 22.658 22.634 21.369 
0.173 19.702 20.219 20.556 20.276 21.246 22.012 20.314 21.297 22.454 21.694 20.367 24.046 25.729 21.279 
0.183 19.775 20.243 20.136 20.368 20.962 21.508 20.359 20.679 21.236 22.924 21.365 21.581 22.247 21.710 
0.194 20.021 20.277 20.781 20.986 20.850 21.535 20.792 20.870 22.315 22.301 22.929 21.104 23.654 21.954 
0.206 20.133 20.330 20.708 20.858 21.157 20.853 20.727 20.826 21.522 22.291 22.544 23.988 23.993 22.152 
0.218 20.104 20.150 20.693 20.585 20.088 21.585 20.451 20.545 21.560 22.599 22.779 23.390 24.439 22.243 
0.231 19.950 20.265 20.747 21.038 19.780 21.192 20.713 20.272 20.739 21.758 22.531 23.145 24.469 21.636 
0.244 20.098 20.150 20.711 21.054 21.096 20.687 20.584 20.989 21.202 22.482 23.062 23.737 23.767 22.046 
0.259 20.218 20.336 20.572 20.454 21.572 20.853 20.423 21.201 21.142 21.310 22.326 22.989 22.924 21.588 
0.274 20.199 20.374 20.902 20.788 21.112 21.399 20.765 21.048 21.232 21.296 22.810 24.188 22.449 21.727 
0.290 20.085 20.418 20.801 20.752 21.035 21.089 20.636 21.059 21.374 21.295 22.247 22.465 22.973 21.684 
0.308 20.010 20.402 20.776 21.039 21.700 20.995 20.810 21.229 21.578 22.307 22.387 22.985 22.748 22.140 
0.326 20.169 20.404 20.669 21.006 21.242 21.939 20.723 21.297 22.321 22.330 22.623 21.972 22.858 22.223 
0.345 20.200 20.516 20.996 21.319 21.640 22.137 20.921 21.701 21.930 21.892 22.401 22.484 23.018 22.049 
0.366 20.203 20.494 20.619 21.355 20.926 21.522 20.755 21.129 21.671 22.015 22.432 22.849 23.178 22.156 
0.387 20.248 20.627 21.124 21.052 21.197 21.365 20.947 21.225 21.807 22.076 21.855 22.494 23.267 21.993 
0.410 20.262 20.602 21.154 21.483 21.403 21.318 21.108 21.365 21.612 21.898 22.506 22.491 22.655 21.986 
0.435 20.310 20.598 20.915 21.547 21.464 21.484 20.982 21.497 21.444 21.862 22.043 22.919 23.036 21.878 
0.461 20.499 20.711 21.007 21.180 21.168 21.528 20.965 21.324 21.756 22.315 22.514 22.797 22.347 22.232 
0.488 20.576 20.613 21.112 21.285 21.567 21.383 21.043 21.373 21.725 22.085 22.375 22.292 21.707 22.059 
0.517 20.546 20.801 21.088 21.303 21.659 21.542 21.064 21.599 21.474 21.731 21.788 22.167 21.916 21.756 
0.547 20.842 20.848 21.226 21.218 21.360 21.383 21.142 21.341 21.598 21.682 21.949 22.104 22.632 21.787 
0.580 20.907 21.026 21.175 21.187 21.207 21.778 21.211 21.234 21.562 21.759 22.260 22.414 22.309 21.897 
0.614 21.033 21.157 21.279 21.387 21.591 21.690 21.293 21.614 21.648 21.840 22.007 21.950 22.495 21.872 
0.651 21.000 21.043 21.113 21.374 21.475 21.558 21.164 21.470 21.666 21.685 22.143 22.079 22.223 21.873 
0.689 20.987 20.971 21.082 21.149 21.576 21.375 21.089 21.345 21.612 21.874 21.929 21.937 21.880 21.803 
0.730 21.062 21.050 21.145 21.133 21.320 21.508 21.102 21.336 21.465 21.663 21.676 21.660 21.686 21.574 
0.773 21.044 21.099 21.159 21.172 21.372 21.237 21.147 21.268 21.442 21.569 21.925 21.815 21.936 21.656 
0.819 21.130 21.063 21.136 21.292 21.427 21.319 21.134 21.353 21.483 21.653 21.770 21.734 21.758 21.652 
0.868 21.177 21.096 21.237 21.284 21.155 21.385 21.191 21.273 21.476 21.447 21.690 21.723 21.744 21.561 
0.919 21.287 21.167 21.199 21.320 21.393 21.412 21.195 21.382 21.527 21.516 21.547 21.792 21.903 21.587 
0.974 21.385 21.260 21.304 21.338 21.498 21.440 21.274 21.420 21.478 21.599 21.682 21.831 21.823 21.633 
1.032 21.533 21.278 21.320 21.266 21.352 21.461 21.286 21.346 21.500 21.457 21.703 21.818 21.795 21.584 
1.093 21.694 21.380 21.344 21.322 21.352 21.475 21.342 21.352 21.511 21.491 21.727 21.815 21.965 21.614 
1.158 21.754 21.443 21.352 21.372 21.456 21.500 21.371 21.438 21.481 21.556 21.634 21.769 22.032 21.585 
1.226 21.888 21.564 21.461 21.375 21.369 21.380 21.460 21.359 21.383 21.444 21.693 21.673 21.753 21.540 
1.299 22.071 21.617 21.477 21.378 21.481 21.495 21.472 21.431 21.526 21.537 21.613 21.777 22.037 21.614 
1.376 22.211 21.630 21.433 21.360 21.253 21.339 21.441 21.301 21.415 21.450 21.667 21.707 21.791 21.537 
1.458 22.374 21.721 21.423 21.321 21.336 21.316 21.435 21.315 21.293 21.379 21.552 21.601 21.681 21.435 
1.544 22.640 21.831 21.439 21.383 21.365 21.238 21.481 21.306 21.282 21.388 21.521 21.582 21.856 21.421 
1.636 22.794 21.956 21.579 21.425 21.447 21.301 21.591 21.381 21.306 21.326 21.444 21.596 21.756 21.405 
1.733 22.998 22.104 21.624 21.424 21.436 21.326 21.647 21.383 21.309 21.344 21.482 21.505 21.664 21.408 
1.836 23.274 22.167 21.770 21.541 21.521 21.408 21.771 21.474 21.345 21.330 21.495 21.547 21.663 21.422 
1.944 23.479 22.349 21.852 21.628 21.579 21.363 21.882 21.505 21.370 21.423 21.487 21.564 21.666 21.457 
2.060 23.807 22.483 21.972 21.732 21.683 21.453 21.991 21.606 21.412 21.413 21.515 21.596 21.760 21.479 
2.182 24.071 22.639 22.100 21.877 21.784 21.567 22.139 21.717 21.502 21.474 21.571 21.685 21.701 21.549 
2.311 24.473 22.746 22.171 21.915 21.760 21.563 22.200 21.718 21.485 21.432 21.536 21.644 21.681 21.527 
2.448 24.698 22.871 22.198 21.892 21.799 21.564 22.231 21.720 21.504 21.434 21.552 21.675 21.670 21.536 
2.594 25.013 23.004 22.270 21.939 21.754 21.539 22.292 21.711 21.477 21.434 21.532 21.673 21.701 21.521 
2.747 25.210 23.094 22.331 21.992 21.830 21.609 22.348 21.787 21.505 21.437 21.540 21.698 21.668 21.541 
2.910 25.740 23.247 22.388 22.035 21.798 21.598 22.417 21.772 21.517 21.465 21.570 21.719 21.707 21.561 
3.083 26.169 23.433 22.485 22.075 21.892 21.657 22.505 21.845 21.560 21.503 21.563 21.651 21.667 21.570 
3.266 26.673 23.665 22.570 22.133 21.887 21.669 22.600 21.862 21.583 21.506 21.605 21.713 21.629 21.597 
3.459 27.116 23.959 22.598 22.102 21.863 21.647 22.630 21.830 21.539 21.502 21.597 21.673 21.616 21.575 
3.665 27.495 24.248 22.715 22.140 21.843 21.605 22.744 21.802 21.530 21.499 21.553 21.636 21.547 21.555 
3.882 27.513 24.341 22.775 22.168 21.820 21.590 22.773 21.809 21.530 21.525 21.571 21.683 21.598 21.570 
4.112 27.804 24.510 22.849 22.156 21.807 21.588 22.831 21.789 21.525 21.530 21.605 21.705 21.597 21.586 
4.356 27.711 24.657 22.996 22.263 21.829 21.594 22.948 21.833 21.535 21.565 21.617 21.702 21.593 21.600 
4.614 28.705 24.896 23.323 22.431 21.938 21.648 23.195 21.929 21.594 21.611 21.617 21.732 21.585 21.635 
4.888 29.593 25.191 23.526 22.563 21.986 21.696 23.365 21.992 21.651 21.658 21.657 21.724 21.597 21.671 
5.178 29.526 25.398 23.695 22.598 22.041 21.788 23.469 22.057 21.722 21.707 21.672 21.724 21.570 21.710 
5.485 30.482 25.576 23.776 22.639 22.077 21.821 23.517 22.102 21.757 21.729 21.650 21.710 21.586 21.713 
5.810 31.264 25.719 23.912 22.733 22.180 21.891 23.621 22.197 21.815 21.773 21.666 21.762 21.588 21.756 
6.155 30.844 25.773 24.103 22.880 22.301 22.021 23.767 22.331 21.910 21.811 21.662 21.735 21.610 21.780 
6.520 31.472 26.022 24.417 23.078 22.497 22.137 24.006 22.504 22.021 21.889 21.703 21.768 21.612 21.850 
6.906 32.439 26.494 24.810 23.405 22.726 22.350 24.364 22.736 22.194 21.986 21.772 21.783 21.670 21.938 
7.316 33.111 26.833 25.187 23.616 22.876 22.511 24.648 22.890 22.330 22.087 21.816 21.788 21.676 22.005 
7.750 34.025 27.278 25.613 23.913 23.076 22.694 24.994 23.107 22.491 22.201 21.836 21.820 21.737 22.078 
8.210 35.946 27.875 26.124 24.294 23.323 22.931 25.432 23.361 22.657 22.321 21.903 21.832 21.763 22.161 
8.696 35.262 28.224 26.509 24.623 23.589 23.175 25.827 23.626 22.795 22.429 21.916 21.865 21.762 22.221 
9.212 35.997 29.036 26.952 25.045 23.890 23.431 26.324 23.922 22.986 22.621 21.991 21.880 21.798 22.324 
9.759 34.596 29.922 27.484 25.566 24.361 23.791 26.891 24.352 23.215 22.770 22.053 21.909 21.857 22.426 
10.337 36.544 30.309 27.818 26.043 24.743 24.037 27.314 24.688 23.427 22.950 22.142 21.955 21.913 22.531 
10.950 42.947 30.648 28.165 26.348 25.138 24.258 27.686 24.994 23.614 23.102 22.243 22.024 21.966 22.638 
11.600 41.146 31.023 28.607 26.675 25.480 24.458 28.046 25.269 23.854 23.278 22.366 22.116 22.062 22.770 
12.288 49.060 31.643 28.847 27.176 26.004 24.742 28.478 25.694 24.116 23.480 22.520 22.243 22.157 22.934 
13.016 51.133 32.703 29.539 27.707 26.392 24.990 29.042 26.029 24.398 23.667 22.664 22.385 22.320 23.092 
13.788 57.838 33.254 30.051 28.245 26.921 25.392 29.634 26.504 24.746 23.889 22.839 22.520 22.451 23.274 
14.606 nan 33.169 30.836 28.918 27.360 25.868 30.409 26.956 25.149 24.164 23.024 22.682 22.619 23.473 
15.472 nan 34.920 31.752 29.486 27.834 26.217 31.002 27.383 25.474 24.350 23.214 22.834 22.755 23.652 
16.390 nan 34.918 31.538 30.031 28.055 26.611 31.345 27.689 25.827 24.575 23.442 23.051 22.988 23.882 
17.362 nan 36.595 33.040 30.325 28.399 27.048 32.035 28.081 26.232 24.815 23.680 23.274 23.203 24.116 
18.392 nan 39.226 33.570 30.911 28.790 27.457 32.943 28.520 26.562 25.055 23.870 23.459 23.433 24.312 
19.482 nan 43.294 33.264 31.433 29.249 27.912 33.192 29.025 26.896 25.334 24.147 23.746 23.625 24.587 
20.638 93.854 44.456 36.126 32.500 29.635 28.363 35.151 29.424 27.212 25.562 24.468 24.136 23.912 24.919 
21.862 91.966 52.477 37.517 32.688 30.043 29.157 34.551 30.098 27.757 25.870 24.751 24.404 24.126 25.201 
23.158 nan 43.302 37.127 32.973 30.506 29.652 34.619 30.573 28.034 26.064 25.008 24.761 24.381 25.473 
24.532 nan 64.297 36.129 34.201 30.693 30.048 36.624 30.819 28.386 26.297 25.329 25.102 24.598 25.768 
25.987 95.845 79.211 40.732 35.895 32.193 30.844 38.163 32.052 28.738 26.509 25.583 25.553 24.716 26.067 
27.528 nan nan 42.099 34.532 32.021 30.876 40.088 31.910 29.032 26.729 25.728 25.822 24.903 26.254 
29.160 nan nan 49.377 36.507 32.975 31.638 40.873 32.966 29.418 27.016 25.919 25.936 25.008 26.436 
30.890 inf inf inf inf inf inf inf inf inf inf inf inf inf inf 
