# t[days] lsstu lsstg lsstr lssti lsstz lssty f062 f087 f106 f129 f158 f184 f213 f146 
0.103 24.195 24.315 25.980 26.273 24.292 26.746 25.510 25.029 27.334 26.445 30.077 30.107 28.242 27.255 
0.109 21.312 21.503 21.853 22.786 22.510 21.884 22.092 22.230 21.635 24.634 24.133 23.414 23.875 22.654 
0.116 21.423 20.889 21.226 21.700 24.277 21.858 21.200 22.777 21.683 23.295 23.909 21.899 23.692 22.290 
0.122 20.913 20.928 21.212 22.805 21.793 21.499 21.461 21.998 21.706 21.928 23.305 26.019 29.010 22.339 
0.130 20.908 21.252 20.904 21.556 20.471 23.895 20.999 21.186 22.379 23.068 23.355 24.131 27.754 23.014 
0.137 21.137 21.072 21.241 21.547 20.991 21.320 21.237 21.042 22.285 22.205 24.310 24.877 25.143 22.686 
0.145 21.069 21.133 21.493 20.964 22.380 21.466 21.510 21.392 21.462 23.230 24.104 25.091 22.052 22.481 
0.154 21.744 21.269 21.431 21.487 21.224 21.817 21.447 21.475 22.313 22.620 22.733 23.056 25.255 22.571 
0.163 21.471 21.124 21.654 21.890 21.297 22.096 21.617 21.484 22.745 22.886 21.957 22.707 23.517 22.421 
0.173 21.355 21.512 22.017 21.223 21.803 21.110 21.756 21.181 21.654 21.971 21.994 21.787 22.308 21.894 
0.183 21.765 21.530 21.409 21.220 21.469 22.268 21.385 21.399 22.641 21.727 22.216 22.099 22.698 22.062 
0.194 21.472 21.737 21.774 21.714 21.738 21.622 21.745 21.685 22.160 22.549 22.048 22.680 23.311 22.245 
0.206 21.825 21.808 22.248 21.836 21.738 22.849 22.082 21.873 22.817 22.084 21.526 21.651 22.949 21.919 
0.218 21.819 21.705 21.724 22.261 21.742 22.910 21.740 22.225 22.541 22.350 22.529 23.447 22.293 22.673 
0.231 21.954 21.816 21.889 22.414 21.758 22.297 21.884 22.055 22.342 22.425 22.906 22.332 23.610 22.435 
0.244 21.802 21.854 22.456 22.399 23.117 22.508 22.245 22.639 22.625 22.507 23.031 22.588 23.581 22.640 
0.259 22.002 22.000 22.127 22.546 21.782 22.695 22.236 22.120 22.897 22.292 22.272 21.916 22.737 22.327 
0.274 22.046 22.240 22.581 22.265 22.790 23.018 22.595 22.472 22.662 22.286 22.096 22.625 22.544 22.435 
0.290 21.833 22.226 22.408 22.478 22.575 22.931 22.371 22.656 22.801 22.815 22.900 22.650 23.340 22.787 
0.308 22.289 22.541 22.450 22.551 22.786 23.175 22.525 22.731 23.086 22.985 23.077 22.415 21.949 22.875 
0.326 22.351 22.357 22.649 22.767 22.743 22.569 22.641 22.640 22.534 22.884 22.981 22.801 22.605 22.714 
0.345 22.303 22.453 22.407 22.432 22.612 22.428 22.458 22.546 22.650 22.942 22.712 22.742 22.986 22.723 
0.366 22.515 22.423 22.498 22.388 22.506 22.103 22.452 22.361 22.409 22.857 23.361 22.862 23.479 22.770 
0.387 22.431 22.334 22.216 22.356 22.427 22.454 22.210 22.467 22.056 22.279 22.914 23.175 22.895 22.533 
0.410 22.534 22.382 22.588 22.768 22.588 22.378 22.600 22.584 22.398 22.692 22.829 23.355 23.252 22.732 
0.435 22.730 22.638 22.745 22.626 22.586 22.514 22.699 22.534 22.409 22.870 23.451 23.152 23.113 22.856 
0.461 22.781 22.569 22.560 22.510 22.508 22.863 22.515 22.600 22.845 22.802 22.644 22.626 23.205 22.758 
0.488 22.926 22.619 22.754 22.543 22.918 22.878 22.681 22.799 22.705 22.765 22.859 22.792 22.957 22.784 
0.517 23.198 22.842 22.721 22.437 22.463 22.630 22.657 22.533 22.826 22.837 23.002 22.968 23.024 22.896 
0.547 23.024 22.977 22.694 22.674 22.799 22.734 22.751 22.725 22.787 22.567 22.748 22.660 23.029 22.691 
0.580 23.261 23.000 22.830 22.645 22.572 22.523 22.840 22.546 22.598 22.861 23.079 23.091 23.199 22.862 
0.614 23.417 22.944 22.766 22.572 22.656 22.855 22.739 22.647 22.764 22.634 22.597 22.925 23.109 22.705 
0.651 23.515 23.105 22.757 22.648 22.448 22.676 22.778 22.576 22.591 22.619 22.709 22.757 22.827 22.647 
0.689 23.738 23.075 22.893 22.626 22.722 22.770 22.828 22.716 22.833 22.731 22.917 22.825 22.826 22.818 
0.730 23.919 23.167 22.851 22.708 22.762 22.769 22.860 22.725 22.815 22.780 22.848 22.856 22.964 22.823 
0.773 24.145 23.247 22.983 22.636 22.626 22.619 22.916 22.595 22.704 22.639 22.782 22.862 22.838 22.723 
0.819 24.192 23.395 22.887 22.725 22.685 22.605 22.923 22.648 22.533 22.625 22.571 22.860 22.877 22.618 
0.868 24.687 23.556 22.980 22.710 22.677 22.668 23.021 22.632 22.636 22.602 22.589 22.654 22.820 22.606 
0.919 24.766 23.646 23.046 22.685 22.732 22.747 23.041 22.696 22.704 22.691 22.653 22.640 22.873 22.682 
0.974 25.052 23.800 23.220 22.901 22.691 22.716 23.219 22.698 22.713 22.634 22.621 22.611 22.856 22.638 
1.032 25.252 23.990 23.277 22.932 22.731 22.619 23.312 22.703 22.664 22.583 22.568 22.667 22.819 22.615 
1.093 25.513 24.139 23.392 23.034 22.867 22.711 23.420 22.809 22.690 22.625 22.652 22.733 22.816 22.675 
1.158 25.977 24.408 23.507 23.147 22.934 22.694 23.575 22.864 22.682 22.624 22.627 22.634 22.778 22.658 
1.226 26.182 24.458 23.613 23.205 22.920 22.861 23.638 22.932 22.852 22.657 22.709 22.832 22.782 22.758 
1.299 26.550 24.568 23.768 23.329 23.077 23.037 23.767 23.102 22.889 22.686 22.634 22.660 22.598 22.724 
1.376 26.815 24.760 23.852 23.373 23.164 22.869 23.862 23.096 22.831 22.694 22.713 22.637 22.718 22.725 
1.458 26.982 24.954 24.035 23.549 23.216 22.916 24.056 23.174 22.792 22.670 22.655 22.706 22.687 22.705 
1.544 26.948 24.966 23.997 23.532 23.277 23.052 24.050 23.224 22.900 22.667 22.627 22.743 22.766 22.746 
1.636 27.717 25.213 24.032 23.635 23.341 22.992 24.111 23.261 22.882 22.702 22.694 22.692 22.622 22.745 
1.733 27.812 25.343 24.161 23.682 23.313 23.085 24.232 23.290 22.919 22.716 22.623 22.679 22.709 22.746 
1.836 28.278 25.433 24.209 23.775 23.413 23.117 24.307 23.367 22.968 22.722 22.644 22.654 22.746 22.753 
1.944 28.709 25.765 24.420 23.872 23.500 23.203 24.494 23.442 23.047 22.772 22.663 22.715 22.630 22.798 
2.060 28.682 26.002 24.515 23.967 23.490 23.196 24.592 23.478 23.038 22.810 22.715 22.762 22.700 22.834 
2.182 29.797 26.283 24.653 24.058 23.646 23.329 24.732 23.604 23.125 22.829 22.674 22.746 22.623 22.842 
2.311 29.447 26.304 24.874 24.206 23.728 23.330 24.905 23.696 23.114 22.840 22.673 22.724 22.634 22.833 
2.448 29.812 26.566 25.080 24.366 23.783 23.404 25.095 23.791 23.181 22.918 22.696 22.753 22.610 22.888 
2.594 30.675 26.934 25.222 24.467 23.976 23.504 25.234 23.932 23.302 22.938 22.643 22.757 22.666 22.898 
2.747 30.414 27.226 25.500 24.611 24.100 23.519 25.457 24.025 23.317 22.969 22.651 22.793 22.644 22.918 
2.910 31.975 27.688 25.836 24.829 24.310 23.604 25.729 24.211 23.409 23.020 22.642 22.785 22.681 22.937 
3.083 32.794 28.149 26.269 25.041 24.457 23.786 26.059 24.397 23.522 23.074 22.656 22.772 22.689 22.986 
3.266 32.507 28.539 26.588 25.230 24.648 23.837 26.271 24.543 23.614 23.169 22.673 22.819 22.722 23.036 
3.459 34.909 28.939 26.916 25.366 24.924 24.054 26.483 24.805 23.742 23.195 22.658 22.746 22.726 23.045 
3.665 34.579 29.279 27.182 25.631 25.084 24.166 26.747 24.951 23.870 23.301 22.701 22.771 22.734 23.108 
3.882 36.659 29.734 27.633 25.775 25.397 24.360 26.990 25.211 24.031 23.462 22.772 22.801 22.755 23.193 
4.112 39.594 30.142 28.050 26.044 25.549 24.515 27.306 25.378 24.138 23.486 22.772 22.810 22.797 23.217 
4.356 42.467 30.745 28.323 26.307 25.935 24.743 27.657 25.657 24.329 23.617 22.845 22.822 22.792 23.298 
4.614 37.505 30.929 28.703 26.623 26.063 24.875 27.959 25.837 24.451 23.713 22.870 22.819 22.834 23.342 
4.888 47.977 31.324 29.368 26.900 26.327 25.019 28.342 26.051 24.597 23.830 22.933 22.817 22.853 23.395 
5.178 57.153 31.852 29.602 27.340 26.541 25.307 28.775 26.324 24.774 23.985 22.996 22.823 22.859 23.461 
5.485 54.260 33.697 30.252 27.864 26.809 25.587 29.378 26.632 25.022 24.137 23.076 22.848 22.928 23.544 
5.810 nan 32.691 30.888 28.393 27.222 25.862 29.813 26.996 25.212 24.284 23.167 22.898 22.989 23.637 
6.155 nan 33.826 31.318 28.752 27.677 26.140 30.344 27.314 25.429 24.391 23.260 22.959 23.064 23.724 
6.520 61.371 35.327 32.321 29.489 28.073 26.426 31.179 27.640 25.658 24.527 23.352 22.993 23.149 23.811 
6.906 80.273 33.969 32.595 29.733 28.285 26.658 31.459 27.913 25.823 24.679 23.469 23.083 23.223 23.922 
7.316 79.731 35.562 34.211 30.500 28.600 26.931 32.147 28.267 26.057 24.795 23.564 23.203 23.313 24.036 
7.750 nan 41.656 35.298 30.494 28.866 27.373 32.424 28.630 26.272 24.916 23.650 23.291 23.430 24.134 
8.210 nan 35.083 33.923 30.796 29.251 27.637 32.340 28.943 26.457 25.060 23.822 23.412 23.552 24.279 
8.696 nan nan 33.359 31.381 29.821 27.906 33.275 29.322 26.718 25.236 23.959 23.581 23.703 24.437 
9.212 nan 44.329 36.435 31.836 30.016 27.991 34.602 29.526 26.890 25.331 24.103 23.773 23.915 24.596 
9.759 nan 71.868 37.853 32.078 30.728 28.579 35.890 30.119 27.255 25.520 24.267 23.955 24.073 24.773 
10.337 nan 43.981 38.323 32.901 30.598 28.604 34.492 30.165 27.517 25.640 24.355 24.134 24.258 24.912 
10.950 98.221 nan 37.746 33.123 31.188 29.165 36.595 30.612 27.955 25.943 24.548 24.326 24.405 25.111 
11.600 nan nan 42.894 34.346 31.917 29.436 36.945 31.101 28.180 26.152 24.742 24.519 24.611 25.304 
12.288 100.240 nan 49.479 33.819 31.679 29.780 38.053 31.319 28.568 26.379 24.919 24.739 24.823 25.512 
13.016 nan nan nan 34.419 33.050 30.383 38.986 32.087 29.156 26.640 25.198 25.039 25.053 25.798 
13.788 nan 86.374 64.291 35.061 32.568 30.946 45.950 32.249 29.444 27.026 25.511 25.308 25.350 26.097 
14.606 103.390 83.876 48.722 38.666 33.667 31.666 39.697 33.496 29.779 27.386 25.860 25.733 25.643 26.469 
15.472 105.031 88.677 54.923 37.280 33.295 31.877 40.297 33.142 30.189 27.781 26.264 26.184 26.034 26.881 
16.390 nan 93.361 nan 39.691 34.862 31.968 53.479 33.691 30.527 28.078 26.743 26.731 26.403 27.348 
17.362 nan 91.334 72.190 40.433 34.457 32.697 44.621 34.105 30.598 28.409 27.223 27.250 26.669 27.810 
18.392 108.968 91.250 nan 39.009 nan 32.899 40.365 34.592 31.370 28.743 27.652 28.025 27.106 28.326 
19.482 108.881 93.554 nan 46.478 33.832 32.850 nan 34.295 31.864 29.570 28.472 28.710 27.803 29.111 
20.638 110.368 102.431 92.487 nan nan 35.091 nan 36.561 33.114 30.730 29.540 29.846 28.904 30.188 
21.862 nan nan 91.996 nan 74.910 52.672 nan 75.145 35.460 33.433 31.810 31.567 30.288 32.267 
23.158 nan nan nan nan 79.631 77.393 87.203 78.292 74.384 34.443 33.520 32.610 30.967 33.562 
24.532 nan nan 95.374 86.353 77.155 77.378 nan 77.988 nan nan 35.145 32.997 32.590 34.387 
25.987 nan nan 96.427 nan 78.582 79.697 nan 79.962 nan nan 55.673 32.967 31.871 34.544 
27.528 116.967 nan 97.178 87.486 80.718 79.287 nan 81.023 nan nan 35.515 34.561 33.275 36.138 
29.160 118.731 102.048 100.685 nan 81.234 80.035 nan 81.579 80.226 nan nan 45.128 33.461 46.440 
30.890 inf inf inf inf inf inf inf inf inf inf inf inf inf inf 
