# t[days] lsstu lsstg lsstr lssti lsstz lssty f062 f087 f106 f129 f158 f184 f213 f146 
0.103 24.130 24.341 24.666 25.189 24.393 25.602 24.521 24.917 25.671 25.594 25.723 35.911 39.441 26.126 
0.109 20.664 20.997 20.981 24.353 21.451 22.315 21.436 21.818 23.341 26.654 26.878 42.633 nan 24.536 
0.116 20.569 21.686 21.858 24.037 20.942 24.296 22.350 21.530 24.404 25.622 25.909 26.039 27.760 25.215 
0.122 20.705 20.718 22.022 20.829 21.448 20.894 21.656 20.699 21.990 21.823 24.650 21.546 24.234 22.030 
0.130 20.728 20.786 21.345 22.067 22.228 21.242 21.284 21.559 21.900 24.075 24.053 24.086 28.064 22.918 
0.137 20.859 21.547 21.459 21.470 21.439 23.259 21.698 21.321 23.175 22.411 22.643 25.244 21.733 22.768 
0.145 20.201 21.737 20.324 22.000 23.830 22.674 20.785 23.441 22.371 20.621 22.651 25.932 24.884 21.646 
0.154 20.810 21.422 20.554 22.090 21.447 22.620 20.977 21.725 22.193 21.517 21.892 23.492 25.921 22.208 
0.163 20.694 20.710 21.672 21.078 21.731 22.735 21.036 22.140 23.289 23.419 21.674 24.263 24.503 22.582 
0.173 20.562 21.096 20.684 21.385 22.227 24.054 20.847 22.193 23.728 22.629 22.648 24.160 25.723 22.892 
0.183 20.937 21.113 20.851 21.718 22.031 23.178 21.121 22.080 22.777 23.082 21.313 24.253 22.980 22.150 
0.194 21.234 21.175 21.646 21.580 22.735 21.684 21.594 21.627 22.133 22.024 22.530 24.017 22.139 22.390 
0.206 21.074 21.173 21.470 21.262 21.354 21.666 21.345 21.506 22.249 22.515 22.985 23.438 23.354 22.624 
0.218 21.140 21.110 21.132 21.702 21.155 21.957 21.252 21.415 22.174 22.845 23.206 21.666 22.522 22.260 
0.231 21.163 21.222 21.180 21.055 21.240 22.415 21.383 21.137 21.743 21.755 22.756 23.273 21.146 22.368 
0.244 20.855 21.104 21.397 21.884 22.044 21.214 21.444 21.678 21.190 21.707 22.046 23.242 22.196 21.740 
0.259 21.197 21.426 21.735 21.834 22.385 22.641 21.777 22.247 21.893 21.995 23.702 23.225 23.289 22.496 
0.274 21.081 21.222 21.573 21.412 21.888 21.880 21.365 21.967 22.268 22.501 22.862 23.913 23.464 22.729 
0.290 21.229 21.174 21.685 21.932 22.037 22.118 21.620 21.993 22.220 22.006 22.420 24.383 24.145 22.433 
0.308 21.574 21.250 21.853 21.485 22.120 22.256 21.749 21.776 22.443 22.202 22.922 23.995 24.232 22.602 
0.326 21.448 21.426 21.460 21.954 21.903 21.855 21.616 21.811 22.144 22.924 23.352 23.424 23.394 22.764 
0.345 21.582 21.625 21.944 21.770 21.866 22.660 21.822 22.022 22.788 23.074 23.298 23.257 23.449 23.048 
0.366 21.579 21.658 21.808 21.986 21.594 22.526 21.803 21.855 22.700 22.778 22.314 22.321 23.008 22.680 
0.387 21.638 21.802 22.279 22.534 22.707 22.538 22.242 22.616 22.772 22.573 23.088 23.109 23.045 22.831 
0.410 21.806 21.928 22.324 22.427 21.913 22.320 22.312 22.114 22.609 23.205 23.018 22.716 23.393 22.834 
0.435 22.061 21.944 22.049 22.181 22.406 22.452 22.008 22.497 22.523 22.807 23.074 23.751 23.057 22.897 
0.461 22.103 21.864 22.222 22.298 22.652 22.361 22.042 22.631 22.523 22.731 22.645 22.266 23.527 22.554 
0.488 22.300 22.042 22.147 22.239 22.505 22.262 22.162 22.312 22.704 22.962 22.939 22.633 22.071 22.776 
0.517 22.250 22.220 22.316 22.592 22.349 22.640 22.389 22.478 22.560 22.823 22.571 22.944 22.815 22.685 
0.547 22.466 22.086 22.321 22.285 22.639 22.776 22.247 22.559 22.501 22.521 22.609 22.884 22.649 22.652 
0.580 22.459 22.344 22.341 22.437 22.509 22.675 22.420 22.442 22.643 22.605 22.813 22.949 23.025 22.752 
0.614 22.852 22.412 22.599 22.478 22.310 22.220 22.553 22.191 22.630 22.774 22.813 22.445 22.959 22.671 
0.651 22.845 22.519 22.310 22.463 22.710 22.585 22.366 22.636 22.634 22.322 22.406 22.832 22.658 22.536 
0.689 22.934 22.590 22.494 22.603 22.572 22.596 22.540 22.555 22.699 22.543 22.641 22.705 22.775 22.651 
0.730 22.925 22.622 22.508 22.539 22.512 22.392 22.489 22.493 22.484 22.619 22.843 22.948 22.615 22.684 
0.773 23.158 22.753 22.537 22.616 22.281 22.433 22.567 22.376 22.450 22.633 22.711 22.416 22.474 22.565 
0.819 23.448 22.804 22.604 22.484 22.365 22.416 22.574 22.468 22.470 22.596 22.639 22.730 22.406 22.593 
0.868 23.673 22.953 22.692 22.584 22.452 22.327 22.653 22.425 22.553 22.616 22.455 22.470 22.414 22.504 
0.919 23.633 23.118 22.727 22.581 22.635 22.431 22.757 22.517 22.501 22.572 22.532 22.615 22.507 22.547 
0.974 24.118 23.174 22.873 22.827 22.697 22.402 22.874 22.655 22.575 22.683 22.628 22.742 22.931 22.643 
1.032 24.327 23.437 23.131 22.765 22.624 22.615 23.051 22.636 22.683 22.801 22.733 22.660 22.805 22.724 
1.093 24.467 23.521 23.076 22.997 22.737 22.644 23.142 22.738 22.720 22.667 22.618 22.599 22.776 22.641 
1.158 24.714 23.592 23.067 22.923 22.668 22.644 23.110 22.707 22.753 22.761 22.571 22.674 22.640 22.680 
1.226 25.034 23.900 23.164 23.080 22.808 22.459 23.215 22.752 22.631 22.694 22.626 22.475 22.673 22.619 
1.299 25.019 24.019 23.347 23.122 22.922 22.736 23.317 22.966 22.818 22.747 22.450 22.407 22.463 22.602 
1.376 25.446 24.224 23.548 23.172 22.854 22.700 23.533 22.878 22.727 22.575 22.520 22.436 22.434 22.577 
1.458 25.794 24.671 23.721 23.441 22.887 22.752 23.754 22.983 22.766 22.755 22.514 22.419 22.417 22.623 
1.544 26.059 24.704 23.824 23.499 23.083 22.923 23.800 23.151 22.864 22.627 22.532 22.460 22.413 22.635 
1.636 26.094 24.876 23.948 23.465 23.179 22.964 23.886 23.199 22.956 22.768 22.613 22.531 22.382 22.709 
1.733 26.608 25.251 24.120 23.724 23.204 23.183 24.112 23.310 23.101 22.769 22.595 22.623 22.516 22.766 
1.836 26.968 25.301 24.176 23.727 23.318 23.211 24.168 23.396 23.167 22.877 22.624 22.554 22.501 22.801 
1.944 26.919 25.659 24.552 24.018 23.453 23.249 24.479 23.536 23.226 23.001 22.683 22.684 22.522 22.883 
2.060 27.215 26.235 24.829 24.207 23.496 23.510 24.730 23.653 23.358 22.953 22.728 22.744 22.516 22.945 
2.182 27.716 26.353 24.994 24.333 23.668 23.508 24.894 23.779 23.394 23.018 22.736 22.713 22.511 22.957 
2.311 28.802 26.511 25.165 24.515 24.015 23.587 25.085 23.979 23.493 23.103 22.785 22.819 22.634 23.035 
2.448 28.830 26.761 25.274 24.717 23.914 23.747 25.219 24.040 23.648 23.232 22.803 22.803 22.636 23.093 
2.594 28.683 27.126 25.479 24.808 24.212 23.946 25.408 24.284 23.788 23.257 22.907 22.934 22.616 23.192 
2.747 29.459 27.455 25.661 24.842 24.305 24.089 25.499 24.417 23.878 23.351 22.929 23.012 22.705 23.249 
2.910 29.715 27.598 25.957 25.052 24.415 24.148 25.766 24.498 23.951 23.366 22.984 22.954 22.657 23.267 
3.083 30.866 27.947 26.077 25.266 24.461 24.270 25.911 24.586 24.042 23.450 22.993 23.015 22.691 23.327 
3.266 31.086 27.948 26.302 25.398 24.744 24.350 26.108 24.771 24.091 23.475 22.944 22.957 22.727 23.305 
3.459 31.704 28.386 26.355 25.503 24.752 24.513 26.183 24.892 24.144 23.515 22.943 22.907 22.746 23.315 
3.665 32.053 28.774 26.680 25.581 25.045 24.659 26.444 25.064 24.279 23.561 23.019 22.949 22.812 23.381 
3.882 31.319 29.167 27.021 25.900 25.191 24.888 26.821 25.232 24.430 23.700 22.994 22.939 22.823 23.414 
4.112 31.550 29.746 27.323 26.209 25.314 25.181 27.160 25.450 24.596 23.770 22.955 22.922 22.836 23.425 
4.356 36.031 30.062 27.698 26.327 25.753 25.175 27.346 25.713 24.638 23.806 22.993 22.911 22.939 23.449 
4.614 37.678 30.399 28.159 26.639 25.787 25.514 27.855 25.849 24.795 23.899 23.036 22.904 22.943 23.491 
4.888 33.489 30.800 28.351 26.994 26.059 25.680 28.237 26.094 24.911 23.961 22.984 22.876 22.975 23.486 
5.178 37.037 31.774 28.656 27.136 26.318 25.923 28.357 26.368 25.084 24.023 23.029 22.846 22.944 23.514 
5.485 39.887 31.598 29.075 27.460 26.671 25.979 28.860 26.577 25.173 24.210 23.060 22.829 23.011 23.549 
5.810 52.990 33.565 29.115 27.634 26.702 26.149 29.027 26.680 25.381 24.287 23.062 22.881 23.050 23.596 
6.155 49.859 32.196 29.653 27.963 26.889 26.314 29.299 26.927 25.420 24.381 23.118 22.865 23.030 23.631 
6.520 45.924 33.251 29.681 27.985 26.992 26.362 29.493 26.987 25.491 24.399 23.075 22.795 23.063 23.593 
6.906 44.905 32.958 30.587 28.227 27.278 26.514 30.220 27.149 25.635 24.482 23.113 22.825 23.049 23.641 
7.316 72.440 34.185 30.520 28.726 27.391 26.691 30.433 27.395 25.790 24.549 23.149 22.796 23.059 23.654 
7.750 nan 35.515 31.236 28.877 27.653 26.925 30.846 27.635 25.912 24.647 23.159 22.791 23.062 23.674 
8.210 85.795 34.464 31.462 29.479 28.027 27.116 31.171 27.969 26.065 24.798 23.228 22.797 23.145 23.730 
8.696 86.566 34.977 31.401 29.462 28.381 27.380 31.222 28.238 26.301 24.912 23.275 22.783 23.131 23.757 
9.212 nan 34.800 33.553 29.594 28.558 27.410 32.149 28.356 26.421 24.981 23.375 22.815 23.145 23.821 
9.759 89.102 38.202 33.779 30.327 29.110 27.524 32.177 28.787 26.647 25.112 23.456 22.878 23.243 23.898 
10.337 89.017 35.863 33.810 31.148 29.238 28.033 32.776 29.168 26.897 25.240 23.542 22.927 23.309 23.969 
10.950 93.560 56.254 35.636 30.858 30.055 28.176 33.338 29.457 27.085 25.397 23.631 22.977 23.352 24.040 
11.600 96.594 49.954 41.876 31.437 30.200 28.776 33.118 29.935 27.472 25.493 23.777 23.077 23.447 24.162 
12.288 94.146 70.791 43.694 31.937 30.721 28.768 35.990 30.159 27.590 25.669 23.864 23.160 23.531 24.252 
13.016 99.781 nan 38.593 32.653 31.162 29.190 35.973 30.621 27.898 25.816 23.989 23.284 23.669 24.375 
13.788 96.566 81.034 38.224 34.288 31.393 29.390 36.630 30.604 28.218 25.922 24.133 23.376 23.744 24.489 
14.606 97.726 nan 47.456 35.353 31.857 29.745 36.766 31.129 28.329 26.133 24.275 23.486 23.924 24.615 
15.472 nan 82.499 59.101 33.843 31.664 30.568 40.548 31.723 28.734 26.287 24.377 23.618 24.018 24.734 
16.390 104.849 84.826 48.177 34.669 33.299 30.625 39.093 32.211 29.122 26.490 24.527 23.743 24.154 24.874 
17.362 102.971 90.158 49.333 35.652 31.951 31.010 40.218 32.001 29.358 26.618 24.698 23.913 24.302 25.043 
18.392 nan 89.598 65.852 35.058 32.354 31.715 42.558 32.422 29.705 26.807 24.894 24.095 24.460 25.224 
19.482 nan 89.742 35.325 35.315 35.525 31.452 35.179 33.007 30.057 27.096 25.148 24.381 24.565 25.504 
20.638 nan nan 58.364 45.567 35.288 32.109 47.283 34.225 30.237 27.211 25.398 24.705 24.718 25.778 
21.862 106.613 61.414 37.922 36.423 33.357 31.464 37.446 33.027 30.121 27.153 25.607 24.976 24.855 25.991 
23.158 nan 48.860 42.933 35.007 32.124 30.822 40.281 31.829 29.437 26.928 25.672 25.225 24.970 26.098 
24.532 110.644 nan 37.093 34.612 31.677 30.893 35.764 31.792 29.378 26.895 25.808 25.646 25.144 26.313 
25.987 110.862 nan 40.502 35.187 32.402 31.323 37.542 32.301 29.446 27.049 26.002 26.004 25.346 26.557 
27.528 112.186 nan 54.553 36.251 32.992 31.478 41.134 32.731 29.843 27.347 26.131 26.239 25.469 26.741 
29.160 113.015 91.289 57.117 38.607 33.824 32.267 42.877 33.817 30.302 27.641 26.354 26.448 25.678 26.975 
30.890 inf inf inf inf inf inf inf inf inf inf inf inf inf inf 
