# t[days] lsstu lsstg lsstr lssti lsstz lssty f062 f087 f106 f129 f158 f184 f213 f146 
0.103 24.488 24.029 23.292 26.430 29.279 25.724 23.773 26.762 26.470 28.416 28.435 37.406 32.051 27.479 
0.109 21.127 21.933 20.590 24.020 25.718 25.923 21.132 25.491 22.814 21.706 26.292 27.692 27.528 22.907 
0.116 20.067 20.812 21.348 21.503 21.727 22.358 21.439 21.392 23.017 25.184 24.647 27.094 44.210 24.013 
0.122 20.418 21.087 21.347 20.754 21.412 20.224 20.951 20.863 21.824 23.822 26.892 27.597 31.376 22.899 
0.130 19.939 20.334 21.506 20.986 22.984 23.373 21.008 22.997 22.081 23.023 22.007 25.459 25.253 22.474 
0.137 19.508 19.892 20.821 20.212 22.205 22.334 20.299 21.495 22.309 25.593 24.360 24.300 25.274 23.326 
0.145 19.513 20.291 20.828 21.503 22.495 20.734 20.819 22.048 21.225 24.126 21.904 21.512 27.467 21.913 
0.154 19.473 20.229 20.519 21.526 21.295 23.487 20.643 21.885 23.137 24.011 25.261 23.632 23.935 23.771 
0.163 19.496 20.040 20.578 20.560 20.945 23.094 20.388 20.987 22.179 21.685 24.084 22.631 24.151 22.463 
0.173 19.501 20.058 20.666 20.453 21.699 21.328 20.515 21.280 21.023 22.183 22.000 26.537 24.366 21.675 
0.183 19.329 19.757 20.777 21.131 21.482 21.591 20.769 21.085 21.897 22.331 22.599 24.252 23.371 22.524 
0.194 19.457 20.007 20.338 20.987 20.962 21.482 20.404 21.158 21.969 22.627 21.687 22.003 24.583 21.896 
0.206 19.451 19.999 20.642 20.353 20.386 20.779 20.471 20.513 21.104 21.730 22.083 24.020 25.482 21.722 
0.218 19.607 20.018 20.439 21.039 21.602 21.086 20.489 21.272 21.283 21.755 22.866 23.451 24.010 21.935 
0.231 19.720 20.191 21.239 20.789 21.236 21.673 20.866 21.180 21.662 22.007 21.769 22.351 23.487 21.887 
0.244 20.068 20.456 20.673 21.415 22.387 21.909 20.909 21.821 21.987 22.328 22.590 22.245 23.037 22.310 
0.259 20.070 20.433 20.775 20.818 21.860 21.785 20.660 21.693 21.809 22.624 22.384 22.363 23.806 22.178 
0.274 20.044 20.337 20.845 20.885 22.220 22.076 20.702 21.873 21.635 22.659 22.542 23.047 23.722 22.208 
0.290 19.939 20.376 21.132 21.446 21.429 21.759 20.965 21.542 21.842 21.822 23.217 22.070 23.368 22.086 
0.308 20.140 20.544 21.097 21.554 21.909 21.363 21.011 21.696 21.726 22.263 22.989 23.487 22.805 22.284 
0.326 20.016 20.447 20.772 20.839 21.494 21.276 20.774 21.072 21.543 21.892 22.278 22.362 24.380 21.950 
0.345 20.113 20.504 20.833 21.223 21.164 21.380 20.895 21.179 21.763 21.730 21.878 22.601 22.967 21.919 
0.366 20.085 20.555 20.823 20.944 21.201 21.470 20.847 21.111 21.690 21.810 22.635 23.654 23.640 22.077 
0.387 20.250 20.462 20.849 21.204 20.999 21.227 20.839 21.046 21.412 21.559 22.379 23.375 22.919 21.884 
0.410 20.247 20.650 20.807 21.042 21.236 21.397 20.840 21.236 21.549 21.654 22.012 22.308 23.158 21.848 
0.435 20.304 20.540 20.855 21.129 21.195 21.339 20.849 21.192 21.273 21.771 21.891 23.227 22.689 21.739 
0.461 20.352 20.539 20.979 20.935 21.016 21.065 20.889 20.991 21.358 21.435 21.723 22.550 22.606 21.623 
0.488 20.398 20.527 20.673 20.827 21.205 21.184 20.662 21.045 21.214 21.201 21.815 21.866 22.055 21.475 
0.517 20.475 20.561 20.632 20.916 21.175 20.948 20.688 21.041 21.190 21.237 21.719 21.926 22.449 21.464 
0.547 20.656 20.534 20.537 20.669 20.736 20.822 20.577 20.734 20.998 21.026 21.726 22.011 22.092 21.295 
0.580 20.672 20.526 20.614 20.612 20.642 20.708 20.614 20.593 20.781 21.051 21.194 21.743 21.999 21.088 
0.614 20.938 20.675 20.545 20.663 20.713 20.760 20.563 20.728 20.681 20.781 21.019 21.766 22.046 20.962 
0.651 21.160 20.707 20.521 20.597 20.688 20.721 20.556 20.684 20.773 20.849 21.314 21.746 21.572 21.053 
0.689 21.396 20.874 20.608 20.492 20.546 20.515 20.581 20.544 20.591 20.754 21.034 21.291 21.375 20.861 
0.730 21.968 21.027 20.705 20.595 20.588 20.539 20.705 20.561 20.653 20.756 20.990 21.351 21.506 20.850 
0.773 22.213 21.216 20.831 20.695 20.675 20.745 20.807 20.710 20.729 20.679 21.049 21.610 21.357 20.936 
0.819 22.594 21.452 20.988 20.812 20.674 20.838 20.988 20.728 20.843 20.754 20.912 21.387 21.446 20.926 
0.868 23.077 21.679 21.192 20.906 20.890 20.781 21.157 20.830 20.868 20.737 20.955 21.339 21.533 20.925 
0.919 23.422 22.017 21.373 21.065 20.878 20.950 21.369 20.907 20.982 20.857 20.999 21.296 21.463 20.999 
0.974 23.834 22.361 21.633 21.192 21.034 21.032 21.591 21.028 21.111 20.945 21.087 21.345 21.495 21.099 
1.032 24.035 22.576 21.892 21.479 21.182 21.226 21.836 21.245 21.258 20.970 21.000 21.319 21.539 21.127 
1.093 24.558 23.019 22.211 21.674 21.409 21.480 22.145 21.450 21.480 21.186 21.037 21.365 21.455 21.258 
1.158 24.867 23.426 22.441 21.858 21.675 21.665 22.389 21.666 21.652 21.261 21.187 21.395 21.558 21.368 
1.226 25.114 23.484 22.708 22.045 21.755 21.767 22.602 21.780 21.837 21.472 21.205 21.385 21.536 21.465 
1.299 25.525 24.151 23.014 22.409 22.026 21.862 22.978 22.013 21.964 21.524 21.240 21.414 21.639 21.531 
1.376 25.963 24.492 23.226 22.427 22.143 22.018 23.144 22.123 21.982 21.655 21.396 21.581 21.770 21.645 
1.458 26.300 24.735 23.420 22.678 22.221 22.243 23.353 22.290 22.241 21.703 21.440 21.584 21.668 21.725 
1.544 26.835 25.010 23.721 22.872 22.489 22.382 23.606 22.520 22.296 21.743 21.565 21.629 21.860 21.799 
1.636 27.330 25.413 24.121 23.241 22.716 22.537 24.023 22.734 22.386 21.794 21.526 21.664 21.822 21.827 
1.733 28.265 25.942 24.299 23.447 22.913 22.758 24.234 22.953 22.536 21.924 21.652 21.755 21.864 21.944 
1.836 28.229 26.064 24.529 23.751 23.214 22.981 24.510 23.209 22.727 22.000 21.717 21.893 21.888 22.058 
1.944 28.258 26.517 25.013 24.028 23.443 23.303 24.867 23.497 22.883 22.115 21.798 21.903 22.042 22.149 
2.060 28.872 26.859 25.186 24.181 23.695 23.505 25.028 23.717 23.113 22.289 21.940 22.070 22.075 22.299 
2.182 28.822 26.891 25.439 24.592 23.961 23.617 25.357 23.978 23.182 22.313 21.967 22.170 22.099 22.354 
2.311 30.260 27.580 25.757 24.920 24.198 23.650 25.671 24.155 23.222 22.392 22.060 22.211 22.290 22.425 
2.448 30.905 28.011 25.991 25.112 24.414 23.745 25.981 24.300 23.330 22.474 22.137 22.294 22.310 22.499 
2.594 30.894 28.584 26.521 25.451 24.732 24.159 26.359 24.697 23.529 22.540 22.142 22.359 22.358 22.569 
2.747 31.821 28.912 26.738 25.549 24.952 24.365 26.475 24.933 23.659 22.619 22.244 22.350 22.309 22.643 
2.910 34.368 28.644 27.177 25.582 25.104 24.517 26.786 25.021 23.816 22.681 22.247 22.304 22.350 22.662 
3.083 33.253 29.257 27.600 26.166 25.549 24.735 27.301 25.392 23.961 22.787 22.292 22.374 22.399 22.738 
3.266 33.169 29.766 27.933 26.545 25.630 24.953 27.664 25.637 24.061 22.801 22.322 22.389 22.428 22.765 
3.459 35.703 30.318 28.254 26.809 25.854 25.010 28.000 25.745 24.046 22.802 22.301 22.331 22.392 22.747 
3.665 40.825 31.675 28.703 27.043 26.157 25.048 28.351 25.942 24.093 22.786 22.276 22.291 22.349 22.726 
3.882 nan 31.102 28.625 27.122 26.093 25.188 28.442 26.037 24.183 22.846 22.285 22.207 22.305 22.723 
4.112 43.294 31.403 29.029 27.150 26.284 25.213 28.550 26.125 24.211 22.811 22.243 22.194 22.304 22.695 
4.356 52.250 32.248 29.414 27.601 26.372 25.343 28.961 26.292 24.293 22.835 22.229 22.147 22.261 22.688 
4.614 32.048 32.791 29.350 27.601 26.499 25.331 28.985 26.381 24.270 22.785 22.179 22.100 22.231 22.639 
4.888 41.165 31.861 29.632 27.710 26.822 25.445 29.268 26.550 24.291 22.799 22.184 22.073 22.197 22.638 
5.178 nan 32.600 29.522 27.932 26.754 25.625 29.295 26.618 24.423 22.827 22.163 22.057 22.260 22.634 
5.485 51.327 33.408 30.050 27.910 26.951 25.603 29.446 26.697 24.384 22.848 22.188 22.073 22.222 22.651 
5.810 73.089 33.920 30.791 28.189 26.967 25.753 29.851 26.805 24.498 22.901 22.217 22.109 22.296 22.699 
6.155 65.376 34.053 30.946 28.096 27.210 25.876 29.824 26.935 24.632 22.993 22.271 22.149 22.331 22.757 
6.520 72.871 37.607 30.871 28.815 27.516 26.117 30.445 27.288 24.797 23.120 22.338 22.183 22.382 22.831 
6.906 76.069 35.495 31.931 28.681 27.717 26.216 30.744 27.320 24.948 23.254 22.420 22.222 22.466 22.914 
7.316 65.155 47.692 33.268 29.499 28.058 26.523 31.607 27.773 25.162 23.372 22.518 22.321 22.520 23.019 
7.750 77.364 nan 34.468 29.561 28.113 26.801 32.057 27.921 25.374 23.539 22.601 22.360 22.629 23.106 
8.210 85.068 50.662 34.022 30.686 28.914 26.880 32.534 28.240 25.585 23.705 22.703 22.413 22.723 23.207 
8.696 nan 41.995 32.558 30.696 28.778 27.371 32.221 28.581 25.845 23.832 22.814 22.487 22.809 23.310 
9.212 nan 60.729 34.617 30.903 29.512 27.717 32.781 29.138 26.052 24.000 22.930 22.554 22.887 23.411 
9.759 82.922 49.992 34.861 30.896 29.838 27.643 32.623 29.183 26.118 24.146 23.058 22.671 23.027 23.532 
10.337 82.991 57.745 34.313 31.097 29.823 28.024 32.724 29.374 26.322 24.297 23.205 22.808 23.156 23.674 
10.950 74.270 55.948 36.852 32.842 30.537 28.459 34.405 30.045 26.418 24.459 23.378 22.981 23.308 23.843 
11.600 79.502 52.368 37.082 33.822 30.550 29.009 34.905 30.477 26.503 24.645 23.540 23.165 23.425 24.013 
12.288 81.770 51.729 38.818 34.841 31.164 29.066 36.606 30.784 26.829 24.805 23.710 23.327 23.542 24.180 
13.016 76.117 52.272 36.768 32.875 30.991 29.294 34.235 30.876 26.973 25.026 23.930 23.517 23.671 24.381 
13.788 73.587 49.832 38.266 33.519 31.151 29.599 35.011 31.086 27.097 25.185 24.108 23.673 23.778 24.544 
14.606 88.164 49.142 37.143 33.513 30.839 29.672 35.269 30.958 27.214 25.345 24.367 23.887 23.907 24.760 
15.472 nan 45.816 35.796 32.344 29.983 29.021 34.524 30.047 27.127 25.356 24.532 24.121 24.005 24.917 
16.390 nan 45.935 35.770 32.070 29.265 28.643 35.333 29.443 27.100 25.428 24.637 24.407 24.074 25.070 
17.362 102.449 46.703 34.019 31.759 29.270 28.789 33.283 29.508 27.165 25.529 24.808 24.586 24.161 25.220 
18.392 nan 50.196 34.731 31.978 29.778 28.902 34.192 29.858 27.393 25.678 24.984 24.792 24.277 25.394 
19.482 104.318 52.862 36.274 32.558 30.055 29.215 36.023 30.151 27.564 25.795 25.101 24.942 24.412 25.528 
20.638 nan 50.607 36.544 32.997 30.565 29.709 35.307 30.710 27.907 25.915 25.224 25.152 24.489 25.685 
21.862 nan 72.587 38.836 33.390 30.940 30.070 35.410 31.015 28.083 26.124 25.365 25.293 24.594 25.832 
23.158 108.053 nan 43.306 33.904 31.923 30.467 36.817 31.739 28.440 26.337 25.486 25.444 24.710 25.982 
24.532 nan 94.241 43.377 34.530 31.890 30.795 42.433 31.724 28.851 26.641 25.689 25.598 24.858 26.184 
25.987 nan 75.058 39.859 36.700 32.580 31.481 40.426 32.647 29.227 26.910 25.891 25.806 25.045 26.410 
27.528 nan nan 46.396 35.599 33.527 32.024 36.621 33.440 29.615 27.163 26.155 26.120 25.249 26.689 
29.160 113.456 95.170 nan 40.742 34.559 32.018 43.241 33.695 30.006 27.418 26.461 26.473 25.640 27.010 
30.890 inf inf inf inf inf inf inf inf inf inf inf inf inf inf 
