# t[days] lsstu lsstg lsstr lssti lsstz lssty f062 f087 f106 f129 f158 f184 f213 f146 
0.103 24.266 24.782 25.493 25.667 25.203 25.576 25.372 25.444 26.150 26.125 26.484 28.870 28.829 26.530 
0.109 21.708 21.874 22.563 22.618 23.854 23.462 22.403 22.963 23.582 25.659 24.235 21.719 24.897 23.004 
0.116 21.944 21.567 22.690 22.272 22.489 24.073 22.111 22.845 23.785 23.958 24.317 27.536 33.741 24.107 
0.122 21.764 22.003 22.872 22.668 22.631 22.703 22.565 22.682 23.073 23.158 24.067 25.842 28.174 23.400 
0.130 22.000 22.137 22.179 22.339 23.003 22.453 22.266 22.538 23.504 23.052 24.167 25.502 27.322 23.666 
0.137 21.837 22.064 22.798 22.246 22.741 22.692 22.538 22.714 23.032 23.152 23.620 25.724 25.378 23.465 
0.145 22.092 22.264 22.477 22.625 22.393 23.549 22.592 22.565 23.258 23.026 24.696 25.783 25.138 23.597 
0.154 22.187 22.406 22.277 22.894 22.112 23.582 22.407 22.600 23.012 22.358 23.888 24.945 24.905 23.121 
0.163 22.039 22.127 22.431 22.191 23.378 22.945 22.347 22.716 23.033 22.814 22.884 23.291 24.959 23.002 
0.173 22.149 22.320 22.393 23.215 22.816 22.489 22.566 22.720 23.018 22.866 22.893 23.934 24.191 22.997 
0.183 22.160 22.247 22.632 22.749 22.640 22.918 22.482 22.786 23.245 23.983 23.503 24.053 24.221 23.575 
0.194 22.498 22.578 22.584 22.690 22.576 23.267 22.585 22.915 23.160 23.024 23.587 22.838 23.944 23.030 
0.206 22.265 22.460 22.481 22.902 22.169 23.638 22.558 22.555 23.360 23.007 23.002 23.237 23.772 23.295 
0.218 22.222 22.492 22.899 22.621 23.229 22.161 22.697 22.649 22.528 23.531 24.015 23.962 24.868 23.218 
0.231 22.427 22.664 22.831 23.042 22.685 23.221 22.858 22.813 23.521 22.937 23.578 23.524 23.701 23.310 
0.244 22.623 22.800 22.764 22.754 23.584 23.134 22.859 23.054 23.372 23.381 22.922 23.345 24.046 23.293 
0.259 22.397 22.824 22.932 23.064 23.564 23.660 22.944 23.386 23.612 24.002 23.613 23.117 24.083 23.579 
0.274 22.561 22.793 22.771 23.061 23.733 23.142 22.909 23.437 23.566 23.728 23.940 23.348 23.116 23.587 
0.290 22.723 22.882 23.028 23.032 22.990 23.567 23.007 23.141 23.835 23.993 24.017 23.149 23.117 23.664 
0.308 22.892 22.966 23.165 23.026 23.194 22.639 23.118 23.005 23.229 24.005 24.041 23.642 24.051 23.619 
0.326 22.949 23.056 23.176 23.380 23.118 23.188 23.162 23.284 23.303 23.543 24.276 23.751 24.370 23.635 
0.345 22.987 22.958 23.030 23.375 23.080 23.263 23.083 23.181 23.500 23.807 24.081 24.101 24.384 23.852 
0.366 22.931 23.058 23.223 23.089 23.396 22.888 23.178 23.173 23.194 23.784 24.107 24.207 23.764 23.695 
0.387 23.220 23.146 23.367 23.232 23.479 23.162 23.284 23.334 23.046 23.530 23.968 24.351 24.477 23.591 
0.410 23.095 23.282 23.325 23.345 23.565 23.182 23.340 23.371 23.286 23.655 23.850 23.994 24.258 23.630 
0.435 23.241 23.168 23.149 23.243 23.316 23.306 23.190 23.245 23.323 23.390 23.739 23.903 23.884 23.514 
0.461 23.295 23.336 23.249 23.184 23.394 23.250 23.280 23.262 23.466 23.589 23.731 23.610 24.083 23.571 
0.488 23.420 23.476 23.324 23.164 23.271 23.163 23.296 23.237 23.399 23.484 23.747 24.059 24.206 23.609 
0.517 23.507 23.420 23.365 23.252 23.499 23.520 23.342 23.423 23.540 23.551 23.879 23.641 23.772 23.631 
0.547 23.486 23.404 23.527 23.240 23.425 23.568 23.443 23.383 23.512 23.479 23.508 23.822 24.067 23.577 
0.580 23.611 23.543 23.387 23.309 23.436 23.368 23.378 23.408 23.423 23.578 23.851 24.017 24.207 23.660 
0.614 23.719 23.586 23.460 23.500 23.518 23.516 23.470 23.558 23.583 23.665 23.851 23.919 24.041 23.727 
0.651 23.723 23.574 23.400 23.369 23.549 23.488 23.400 23.491 23.584 23.579 23.801 23.774 23.953 23.656 
0.689 23.846 23.566 23.414 23.300 23.343 23.463 23.389 23.380 23.499 23.522 23.642 23.989 24.077 23.636 
0.730 23.978 23.603 23.399 23.314 23.285 23.400 23.408 23.320 23.410 23.428 23.557 23.830 23.814 23.514 
0.773 24.114 23.649 23.445 23.416 23.411 23.487 23.448 23.465 23.442 23.669 23.734 23.803 23.988 23.642 
0.819 24.256 23.749 23.518 23.337 23.330 23.395 23.496 23.336 23.498 23.563 23.608 23.636 23.872 23.574 
0.868 24.373 23.823 23.490 23.390 23.352 23.509 23.503 23.424 23.528 23.501 23.642 23.647 23.724 23.571 
0.919 24.576 23.929 23.579 23.404 23.354 23.574 23.584 23.416 23.502 23.470 23.635 23.667 23.814 23.554 
0.974 24.717 23.981 23.596 23.460 23.327 23.418 23.608 23.397 23.412 23.463 23.686 23.809 23.922 23.564 
1.032 24.892 24.138 23.745 23.542 23.377 23.448 23.743 23.445 23.448 23.542 23.599 23.625 23.913 23.549 
1.093 25.079 24.231 23.761 23.626 23.451 23.557 23.791 23.526 23.474 23.402 23.578 23.681 23.804 23.515 
1.158 25.329 24.329 23.861 23.670 23.453 23.529 23.879 23.530 23.479 23.423 23.543 23.649 23.911 23.512 
1.226 25.557 24.485 23.967 23.743 23.526 23.510 23.966 23.577 23.448 23.433 23.587 23.688 23.762 23.521 
1.299 25.867 24.621 23.996 23.818 23.592 23.570 24.021 23.658 23.500 23.442 23.550 23.693 23.821 23.531 
1.376 26.066 24.631 24.059 23.784 23.566 23.598 24.065 23.606 23.478 23.444 23.515 23.673 23.832 23.520 
1.458 26.410 24.707 24.056 23.803 23.519 23.529 24.067 23.596 23.419 23.355 23.481 23.607 23.670 23.457 
1.544 26.611 24.808 24.061 23.812 23.581 23.552 24.087 23.627 23.423 23.320 23.426 23.609 23.684 23.430 
1.636 27.079 24.912 24.117 23.814 23.519 23.476 24.128 23.572 23.397 23.355 23.428 23.596 23.704 23.424 
1.733 27.440 25.031 24.135 23.844 23.546 23.566 24.160 23.617 23.436 23.407 23.493 23.642 23.670 23.481 
1.836 27.768 25.115 24.153 23.851 23.542 23.582 24.180 23.625 23.434 23.406 23.500 23.613 23.662 23.477 
1.944 28.021 25.311 24.252 23.895 23.616 23.558 24.278 23.656 23.450 23.408 23.494 23.641 23.658 23.485 
2.060 28.343 25.522 24.425 23.943 23.646 23.648 24.414 23.710 23.492 23.450 23.508 23.695 23.641 23.519 
2.182 28.691 25.764 24.530 24.034 23.722 23.616 24.529 23.764 23.487 23.470 23.540 23.722 23.661 23.534 
2.311 29.353 26.133 24.705 24.131 23.740 23.631 24.694 23.796 23.485 23.473 23.537 23.718 23.642 23.535 
2.448 29.574 26.346 24.872 24.214 23.771 23.674 24.823 23.845 23.537 23.528 23.518 23.687 23.616 23.553 
2.594 30.555 26.775 25.108 24.316 23.815 23.721 25.015 23.906 23.550 23.530 23.524 23.683 23.594 23.555 
2.747 31.086 27.099 25.335 24.435 23.884 23.769 25.194 23.978 23.584 23.532 23.528 23.717 23.610 23.580 
2.910 31.965 27.412 25.625 24.596 23.995 23.834 25.407 24.089 23.628 23.589 23.533 23.727 23.621 23.608 
3.083 32.081 27.732 25.922 24.815 24.212 23.967 25.672 24.278 23.751 23.682 23.562 23.726 23.608 23.675 
3.266 32.617 28.044 26.278 25.050 24.390 24.103 25.976 24.450 23.877 23.703 23.558 23.712 23.612 23.706 
3.459 33.902 28.429 26.496 25.176 24.558 24.243 26.142 24.601 23.997 23.809 23.607 23.721 23.615 23.778 
3.665 34.117 28.756 26.755 25.338 24.710 24.318 26.382 24.726 24.073 23.900 23.651 23.685 23.599 23.825 
3.882 34.722 29.022 27.031 25.579 24.969 24.476 26.665 24.934 24.230 24.009 23.736 23.748 23.635 23.932 
4.112 35.331 29.548 27.289 25.757 25.161 24.621 26.925 25.093 24.380 24.092 23.793 23.761 23.698 24.002 
4.356 39.605 30.102 27.758 26.030 25.396 24.793 27.342 25.292 24.534 24.225 23.836 23.754 23.712 24.077 
4.614 35.957 30.492 28.028 26.355 25.657 24.934 27.704 25.502 24.681 24.342 23.871 23.761 23.734 24.141 
4.888 40.550 31.216 28.515 26.750 26.001 25.149 28.223 25.798 24.873 24.458 23.982 23.796 23.783 24.247 
5.178 39.619 31.981 29.033 27.248 26.352 25.413 28.906 26.115 25.082 24.617 24.043 23.837 23.819 24.342 
5.485 39.005 32.784 29.506 27.591 26.730 25.764 29.340 26.485 25.324 24.783 24.141 23.873 23.851 24.452 
5.810 46.035 33.895 30.188 28.189 27.190 26.159 30.152 26.928 25.613 24.971 24.250 23.937 23.915 24.582 
6.155 53.656 34.269 30.804 28.715 27.732 26.585 30.699 27.425 25.884 25.181 24.387 24.027 23.971 24.729 
6.520 53.718 34.414 31.349 29.218 28.265 26.840 31.310 27.839 26.132 25.399 24.523 24.144 24.096 24.878 
6.906 64.582 37.039 31.835 29.650 28.711 27.265 31.659 28.285 26.409 25.595 24.678 24.273 24.191 25.038 
7.316 82.724 35.012 32.652 30.171 29.275 27.711 32.479 28.792 26.727 25.819 24.803 24.401 24.336 25.194 
7.750 74.148 36.137 32.825 30.598 30.010 27.941 32.474 29.273 26.996 26.000 24.923 24.521 24.457 25.331 
8.210 74.133 36.359 33.909 31.012 30.248 28.190 33.417 29.549 27.200 26.157 25.092 24.688 24.605 25.500 
8.696 87.878 39.237 34.125 31.725 30.721 28.632 34.112 29.995 27.534 26.373 25.263 24.865 24.770 25.691 
9.212 77.402 41.628 36.127 32.251 30.915 28.716 35.751 30.146 27.797 26.537 25.403 25.100 24.968 25.880 
9.759 92.460 40.533 36.708 33.289 31.401 29.179 36.143 30.700 28.169 26.761 25.518 25.279 25.194 26.048 
10.337 92.859 42.190 38.525 33.540 32.220 29.664 36.989 31.276 28.611 27.037 25.718 25.434 25.398 26.246 
10.950 95.516 60.920 36.874 33.999 32.481 30.207 36.491 31.717 29.072 27.277 25.879 25.572 25.597 26.425 
11.600 94.949 57.808 40.473 34.585 33.297 30.504 38.796 32.070 29.385 27.510 26.112 25.763 25.849 26.644 
12.288 96.368 82.794 45.033 36.781 33.818 31.035 41.066 32.686 30.055 27.847 26.391 25.999 26.143 26.921 
13.016 99.370 nan 44.518 35.868 33.181 31.611 42.687 32.785 30.675 28.153 26.707 26.225 26.476 27.200 
13.788 100.344 nan 38.970 38.797 34.602 32.298 39.524 33.596 31.200 28.646 27.050 26.484 26.800 27.528 
14.606 101.817 nan 66.831 37.633 36.730 33.665 40.366 35.197 31.858 29.245 27.503 26.834 27.223 27.938 
15.472 105.389 nan 75.540 41.714 37.290 33.719 50.937 35.336 32.579 29.837 27.832 27.227 27.633 28.328 
16.390 104.471 nan 81.623 53.786 36.128 34.579 73.289 36.063 33.038 30.321 28.252 27.748 28.003 28.811 
17.362 104.327 nan 83.814 42.197 37.309 34.315 60.690 35.903 33.319 30.521 28.529 28.218 28.374 29.178 
18.392 106.631 93.647 nan 45.220 44.710 35.730 nan 37.776 33.581 31.038 28.950 29.065 28.866 29.776 
19.482 nan 94.568 nan nan 36.698 35.527 86.107 36.293 34.052 31.985 29.737 29.897 29.510 30.580 
20.638 108.752 98.898 88.829 83.837 nan 39.069 85.990 59.086 35.503 33.192 30.820 30.997 30.578 31.683 
21.862 109.089 nan 87.468 87.028 77.804 76.032 87.860 77.123 43.600 35.231 33.397 33.031 32.299 33.921 
23.158 110.556 101.684 nan 89.017 nan 81.093 nan 82.685 78.122 38.235 34.732 35.798 33.753 35.855 
24.532 114.306 nan 90.552 nan 81.460 81.194 nan 81.218 nan nan 36.518 35.897 33.955 36.837 
25.987 nan nan 91.484 nan nan 81.605 92.050 82.819 81.867 nan nan 40.362 33.782 41.939 
27.528 116.021 nan 93.323 nan nan nan 94.472 nan nan nan nan 53.939 34.373 55.600 
29.160 nan nan nan 92.532 84.836 nan 94.764 nan 85.099 nan nan 36.346 36.104 37.922 
30.890 inf inf inf inf inf inf inf inf inf inf inf inf inf inf 
