# t[days] lsstu lsstg lsstr lssti lsstz lssty f062 f087 f106 f129 f158 f184 f213 f146 
0.103 25.120 24.625 23.810 26.484 29.509 26.481 24.301 27.917 27.022 29.031 28.651 35.080 34.212 28.036 
0.109 21.518 22.473 21.164 24.315 26.196 26.786 21.667 26.121 26.129 22.280 26.644 28.398 28.083 23.481 
0.116 20.619 21.369 21.849 22.059 23.074 22.198 21.843 22.003 22.957 25.992 25.232 27.639 nan 24.056 
0.122 20.973 21.688 21.720 21.389 23.005 20.720 21.502 21.441 21.742 24.398 27.569 28.096 31.946 22.892 
0.130 20.498 20.834 21.948 21.551 23.354 23.900 21.481 23.221 22.731 23.074 22.579 27.670 25.745 23.053 
0.137 20.001 20.437 21.501 20.727 22.019 23.515 20.868 21.858 22.886 26.142 25.038 24.863 26.458 23.902 
0.145 20.057 20.784 21.343 22.202 23.263 21.596 21.364 22.524 21.743 24.589 22.657 22.004 28.042 22.452 
0.154 20.004 20.739 21.182 21.882 22.042 23.606 21.131 22.337 23.674 24.519 25.960 24.583 24.146 24.351 
0.163 20.104 20.669 20.898 21.171 21.360 23.327 20.971 21.408 22.803 22.261 24.607 23.209 24.731 23.004 
0.173 20.069 20.585 21.201 21.017 22.026 22.387 21.090 21.702 21.590 22.700 22.555 26.354 24.950 22.239 
0.183 19.901 20.305 21.201 21.906 21.864 21.972 21.266 21.658 22.256 22.818 23.105 25.043 23.939 22.962 
0.194 19.978 20.528 20.885 21.642 21.364 22.128 20.942 21.667 22.508 23.296 22.274 22.580 25.197 22.453 
0.206 19.972 20.534 21.260 20.919 20.919 21.526 21.080 20.986 21.781 22.351 22.622 24.314 26.754 22.278 
0.218 20.129 20.571 21.027 21.445 22.636 21.511 21.000 21.826 21.710 22.092 23.476 23.968 24.689 22.406 
0.231 20.269 20.734 21.711 21.456 21.599 22.222 21.417 21.687 22.211 22.540 22.424 22.586 24.055 22.435 
0.244 20.602 20.976 21.222 21.958 22.763 22.790 21.424 22.354 22.562 22.884 23.413 22.865 23.570 22.884 
0.259 20.590 20.983 21.300 21.532 22.506 22.256 21.248 22.102 22.350 23.150 22.940 23.115 23.779 22.746 
0.274 20.587 20.885 21.428 21.260 22.647 22.861 21.262 22.377 22.222 23.060 23.020 23.972 23.718 22.806 
0.290 20.473 20.923 21.672 21.988 21.974 22.369 21.503 22.065 22.578 22.376 23.626 22.646 23.855 22.648 
0.308 20.665 21.101 21.692 21.952 22.378 22.043 21.545 22.399 22.302 22.786 23.241 24.195 23.396 22.852 
0.326 20.537 21.023 21.295 21.423 21.946 21.784 21.330 21.659 22.090 22.487 22.902 22.866 24.634 22.486 
0.345 20.644 21.046 21.420 21.666 21.875 21.796 21.434 21.749 22.228 22.415 22.456 23.170 23.424 22.444 
0.366 20.623 21.110 21.339 21.617 21.596 22.038 21.402 21.651 22.224 22.365 23.186 24.155 24.139 22.618 
0.387 20.784 21.022 21.405 21.719 21.590 21.741 21.385 21.615 21.963 22.051 22.887 23.765 23.634 22.412 
0.410 20.812 21.185 21.395 21.533 21.826 21.989 21.396 21.790 22.082 22.278 22.531 22.746 23.536 22.394 
0.435 20.835 21.088 21.446 21.695 21.753 21.786 21.398 21.749 21.804 22.260 22.448 23.346 23.324 22.271 
0.461 20.921 21.089 21.551 21.519 21.558 21.647 21.444 21.563 21.886 22.020 22.185 23.197 23.080 22.175 
0.488 20.964 21.111 21.197 21.404 21.776 21.700 21.239 21.587 21.828 21.753 22.404 22.521 22.545 22.036 
0.517 21.071 21.128 21.198 21.452 21.713 21.510 21.250 21.623 21.741 21.865 22.234 22.577 22.955 22.021 
0.547 21.200 21.109 21.138 21.234 21.280 21.388 21.141 21.310 21.537 21.553 22.147 22.499 22.720 21.833 
0.580 21.263 21.118 21.181 21.164 21.245 21.255 21.192 21.161 21.328 21.581 21.699 22.193 22.495 21.629 
0.614 21.528 21.277 21.130 21.220 21.261 21.342 21.141 21.300 21.288 21.319 21.564 22.186 22.545 21.518 
0.651 21.762 21.307 21.112 21.156 21.249 21.328 21.145 21.245 21.339 21.424 21.816 22.314 22.166 21.610 
0.689 22.010 21.498 21.191 21.057 21.137 21.105 21.183 21.111 21.166 21.314 21.532 21.815 21.861 21.421 
0.730 22.640 21.652 21.300 21.167 21.164 21.140 21.294 21.163 21.228 21.309 21.503 21.878 22.130 21.409 
0.773 22.835 21.863 21.421 21.272 21.275 21.311 21.408 21.282 21.316 21.249 21.560 22.064 21.978 21.487 
0.819 23.249 22.107 21.597 21.379 21.269 21.388 21.592 21.306 21.419 21.333 21.457 21.877 22.026 21.485 
0.868 23.732 22.335 21.816 21.468 21.520 21.331 21.768 21.424 21.437 21.330 21.486 21.864 22.087 21.484 
0.919 24.050 22.685 22.001 21.654 21.495 21.491 21.984 21.494 21.541 21.446 21.534 21.850 22.004 21.564 
0.974 24.460 23.035 22.260 21.795 21.670 21.544 22.222 21.621 21.666 21.533 21.642 21.921 22.032 21.666 
1.032 24.684 23.270 22.517 22.078 21.821 21.763 22.470 21.833 21.823 21.584 21.552 21.845 22.091 21.695 
1.093 25.198 23.703 22.856 22.293 22.022 22.009 22.781 22.045 22.057 21.798 21.593 21.911 21.984 21.836 
1.158 25.516 24.159 23.088 22.463 22.308 22.192 23.031 22.260 22.219 21.889 21.756 21.944 22.088 21.946 
1.226 25.770 24.180 23.354 22.671 22.378 22.304 23.244 22.387 22.405 22.104 21.770 21.951 22.037 22.050 
1.299 26.217 24.847 23.675 23.037 22.670 22.398 23.634 22.633 22.535 22.184 21.815 21.962 22.169 22.116 
1.376 26.761 25.203 23.889 23.067 22.773 22.590 23.822 22.730 22.557 22.283 21.962 22.131 22.330 22.230 
1.458 26.968 25.454 24.098 23.328 22.816 22.820 24.018 22.905 22.841 22.361 22.022 22.155 22.216 22.322 
1.544 27.520 25.735 24.381 23.513 23.118 22.987 24.280 23.142 22.905 22.369 22.130 22.211 22.399 22.395 
1.636 27.983 26.145 24.807 23.916 23.361 23.106 24.683 23.373 22.996 22.441 22.103 22.249 22.323 22.423 
1.733 28.875 26.717 24.984 24.164 23.514 23.373 24.923 23.578 23.157 22.566 22.214 22.347 22.372 22.547 
1.836 28.913 26.802 25.250 24.401 23.850 23.576 25.180 23.836 23.359 22.653 22.287 22.448 22.437 22.657 
1.944 28.979 27.270 25.705 24.683 24.112 23.881 25.568 24.128 23.559 22.783 22.379 22.500 22.573 22.755 
2.060 29.516 27.643 25.927 24.845 24.325 24.088 25.732 24.339 23.779 22.945 22.516 22.672 22.608 22.911 
2.182 29.409 27.601 26.176 25.274 24.581 24.280 26.043 24.628 23.853 22.978 22.541 22.746 22.662 22.963 
2.311 31.155 28.322 26.489 25.557 24.865 24.331 26.321 24.849 23.902 23.049 22.631 22.794 22.828 23.034 
2.448 31.731 28.749 26.703 25.827 25.122 24.389 26.657 25.009 24.007 23.137 22.702 22.861 22.868 23.104 
2.594 32.053 29.400 27.232 26.143 25.420 24.865 27.087 25.395 24.226 23.208 22.722 22.922 22.922 23.178 
2.747 32.406 29.652 27.489 26.229 25.674 25.060 27.205 25.593 24.373 23.298 22.826 22.921 22.881 23.258 
2.910 35.352 29.335 27.970 26.332 25.694 25.267 27.531 25.680 24.552 23.366 22.839 22.871 22.904 23.278 
3.083 36.376 30.043 28.361 26.894 26.221 25.446 28.064 26.087 24.719 23.474 22.888 22.941 22.970 23.356 
3.266 33.880 30.573 28.652 27.219 26.334 25.735 28.376 26.367 24.827 23.492 22.915 22.940 23.003 23.380 
3.459 37.701 31.357 28.940 27.548 26.549 25.763 28.780 26.474 24.831 23.491 22.906 22.882 22.956 23.361 
3.665 43.450 32.383 29.506 27.803 26.866 25.851 29.170 26.697 24.873 23.478 22.882 22.853 22.915 23.346 
3.882 57.302 31.751 29.430 27.853 26.820 26.008 29.201 26.779 24.972 23.532 22.901 22.764 22.864 23.342 
4.112 44.057 32.180 29.732 27.922 27.063 25.995 29.285 26.897 24.998 23.499 22.859 22.745 22.868 23.314 
4.356 55.411 33.712 30.287 28.264 27.145 26.164 29.705 27.046 25.088 23.532 22.850 22.698 22.828 23.305 
4.614 32.636 33.461 30.150 28.363 27.217 26.211 29.884 27.153 25.076 23.478 22.797 22.649 22.786 23.257 
4.888 45.004 32.784 30.469 28.510 27.538 26.320 30.009 27.378 25.111 23.490 22.813 22.628 22.774 23.258 
5.178 49.293 33.255 30.384 28.707 27.464 26.479 30.077 27.391 25.237 23.529 22.786 22.602 22.813 23.252 
5.485 57.858 34.700 30.947 28.631 27.677 26.482 30.286 27.497 25.215 23.538 22.814 22.621 22.794 23.269 
5.810 77.275 35.400 31.573 29.030 27.736 26.593 30.697 27.575 25.319 23.589 22.846 22.651 22.871 23.316 
6.155 71.600 35.034 31.686 28.977 27.886 26.717 30.667 27.738 25.456 23.683 22.904 22.697 22.914 23.375 
6.520 73.394 38.946 31.555 29.847 28.236 26.991 31.183 28.115 25.632 23.815 22.985 22.735 22.964 23.451 
6.906 76.537 37.207 32.664 29.556 28.455 27.068 31.697 28.164 25.783 23.955 23.071 22.781 23.030 23.535 
7.316 65.314 52.402 34.536 30.371 28.778 27.436 32.641 28.600 26.011 24.079 23.167 22.885 23.091 23.644 
7.750 80.037 54.578 35.275 30.493 28.831 27.683 33.138 28.748 26.210 24.254 23.266 22.918 23.197 23.730 
8.210 84.107 51.523 34.872 31.471 29.919 27.742 33.619 29.149 26.443 24.437 23.376 22.979 23.287 23.835 
8.696 nan 46.608 33.273 31.747 29.635 28.212 32.999 29.431 26.706 24.561 23.496 23.060 23.376 23.940 
9.212 nan 61.623 35.465 31.712 30.263 28.701 33.790 30.020 26.945 24.730 23.615 23.133 23.460 24.042 
9.759 83.407 55.619 35.650 31.631 30.669 28.595 33.508 30.195 26.974 24.883 23.740 23.252 23.586 24.164 
10.337 83.449 58.343 36.513 31.824 30.747 28.906 33.547 30.337 27.195 25.028 23.884 23.393 23.714 24.307 
10.950 74.737 56.569 38.695 33.551 31.683 29.387 36.175 30.969 27.299 25.178 24.055 23.568 23.875 24.475 
11.600 80.004 53.006 40.941 34.447 31.408 30.011 35.702 31.262 27.403 25.369 24.213 23.753 23.994 24.647 
12.288 82.224 52.318 40.344 35.704 32.036 30.145 37.319 31.819 27.736 25.532 24.383 23.918 24.107 24.816 
13.016 76.613 54.132 37.578 33.797 31.923 30.293 34.920 31.643 27.864 25.742 24.602 24.123 24.227 25.022 
13.788 nan 51.076 39.450 34.079 32.160 30.602 36.573 31.893 27.996 25.905 24.780 24.293 24.356 25.190 
14.606 94.454 49.821 38.777 34.267 31.729 30.645 36.045 31.704 28.111 26.049 25.037 24.532 24.476 25.415 
15.472 nan 47.090 36.973 33.160 30.873 29.860 35.405 30.803 27.994 26.065 25.182 24.797 24.574 25.577 
16.390 nan 48.775 36.620 33.352 30.024 29.435 36.264 30.165 27.921 26.135 25.276 25.107 24.673 25.731 
17.362 104.509 47.482 35.222 32.626 30.029 29.549 33.961 30.220 28.019 26.226 25.439 25.331 24.768 25.894 
18.392 104.238 50.761 35.588 33.133 30.498 29.764 35.130 30.641 28.292 26.383 25.610 25.556 24.890 26.068 
19.482 104.899 nan 37.101 34.440 30.681 30.122 36.792 30.898 28.465 26.500 25.736 25.704 25.037 26.196 
20.638 106.328 54.474 37.615 34.095 31.283 30.637 36.931 31.486 28.805 26.635 25.857 25.948 25.119 26.353 
21.862 nan 78.772 39.756 34.431 31.734 30.910 36.254 31.832 29.006 26.854 25.993 26.102 25.233 26.505 
23.158 nan nan 45.513 34.852 32.607 31.433 39.471 32.575 29.382 27.078 26.113 26.248 25.342 26.654 
24.532 nan nan 44.922 35.589 32.730 31.560 44.499 32.490 29.782 27.397 26.315 26.407 25.498 26.862 
25.987 nan 81.243 40.419 38.972 33.296 32.456 41.045 33.435 30.204 27.702 26.529 26.604 25.699 27.084 
27.528 nan 95.758 nan 36.214 34.462 33.043 37.276 34.269 30.516 27.961 26.781 26.941 25.903 27.366 
29.160 113.828 96.255 nan 42.602 35.374 33.036 44.147 34.665 30.937 28.224 27.077 27.300 26.292 27.685 
30.890 inf inf inf inf inf inf inf inf inf inf inf inf inf inf 
