# t[days] lsstu lsstg lsstr lssti lsstz lssty f062 f087 f106 f129 f158 f184 f213 f146 
0.103 24.427 24.484 27.141 27.109 28.528 30.425 25.536 27.560 28.550 27.783 29.920 38.620 37.571 28.923 
0.109 21.728 21.447 23.178 24.639 25.918 27.272 23.184 25.939 25.387 27.376 25.798 26.336 31.577 25.908 
0.116 21.123 20.530 22.919 24.223 22.652 23.113 21.405 23.012 24.313 27.906 25.928 31.451 32.813 25.309 
0.122 20.623 20.356 20.628 21.646 21.587 23.814 20.618 22.160 22.333 20.439 23.747 27.640 27.846 21.526 
0.130 20.095 21.010 20.602 20.978 23.297 23.185 20.864 22.027 21.501 25.438 25.691 26.551 28.616 22.705 
0.137 19.707 20.187 20.668 22.556 21.499 22.111 20.831 22.115 22.201 24.353 25.603 24.164 29.031 23.190 
0.145 20.103 20.413 20.476 21.453 22.347 23.396 20.569 21.978 23.477 21.925 23.575 24.530 24.943 22.754 
0.154 19.668 20.549 21.008 21.583 22.588 23.622 21.120 22.208 24.562 21.477 23.883 26.818 26.589 22.564 
0.163 19.687 20.618 21.088 22.053 22.583 22.005 21.336 22.249 22.324 23.394 23.157 23.777 24.257 22.943 
0.173 19.978 20.312 21.071 21.405 21.385 22.698 20.923 21.495 22.801 21.507 25.592 25.155 22.158 22.490 
0.183 19.681 20.257 20.708 20.813 22.818 21.914 20.567 22.415 21.755 22.260 22.681 23.387 21.045 22.289 
0.194 19.800 20.172 20.709 20.737 21.328 22.882 20.619 21.347 22.655 23.427 23.009 23.743 26.717 23.072 
0.206 19.949 20.381 21.522 22.322 21.683 22.453 21.385 21.969 22.419 22.179 22.296 23.986 24.272 22.496 
0.218 19.884 20.554 21.029 21.388 21.087 21.521 21.017 21.313 22.461 22.369 22.224 24.146 24.491 22.479 
0.231 19.970 20.555 21.132 21.442 21.879 21.448 21.102 21.614 21.970 23.085 24.764 24.355 24.162 22.839 
0.244 20.016 20.727 21.082 21.492 22.537 21.657 21.124 21.798 21.986 22.403 22.225 24.039 23.620 22.377 
0.259 20.057 20.617 21.193 21.232 21.569 22.154 21.123 21.586 22.001 21.880 22.471 22.587 24.421 22.252 
0.274 19.983 20.585 20.983 21.789 22.017 21.897 21.039 21.992 21.856 22.422 23.275 23.625 23.885 22.632 
0.290 19.965 20.633 20.972 21.663 21.363 22.221 21.103 21.623 21.911 22.515 22.638 23.601 23.732 22.450 
0.308 20.141 20.739 21.212 21.881 21.661 22.038 21.284 21.774 22.004 22.307 23.149 24.127 24.485 22.568 
0.326 20.179 20.555 21.325 21.199 21.411 21.589 21.139 21.512 21.697 22.095 22.603 23.414 23.488 22.189 
0.345 20.307 20.627 21.217 21.529 21.556 22.681 21.188 21.729 22.052 21.969 22.056 22.169 23.211 22.101 
0.366 20.345 20.787 21.346 21.367 21.628 21.962 21.268 21.593 21.862 22.194 22.115 22.476 23.587 22.114 
0.387 20.405 20.830 21.022 21.513 21.646 21.544 21.087 21.572 21.893 21.854 22.599 23.297 23.631 22.204 
0.410 20.386 20.814 21.248 21.344 21.541 21.565 21.190 21.471 21.946 22.118 22.452 23.008 23.730 22.281 
0.435 20.535 20.816 21.023 21.368 21.419 21.479 21.079 21.401 21.700 21.857 21.871 22.249 23.302 21.919 
0.461 20.499 20.676 21.031 21.156 21.525 21.411 20.970 21.375 21.490 21.821 21.991 22.181 22.438 21.785 
0.488 20.566 20.844 21.009 21.174 21.481 21.646 21.038 21.367 21.730 21.581 22.151 22.398 23.293 21.873 
0.517 20.595 20.735 20.899 21.160 21.397 21.444 20.894 21.362 21.481 21.410 22.223 22.810 22.480 21.789 
0.547 20.586 20.820 20.940 21.060 21.249 21.258 20.953 21.196 21.355 21.600 21.924 22.574 22.210 21.727 
0.580 20.841 20.889 20.825 21.091 21.152 21.135 20.904 21.171 21.214 21.381 21.663 22.130 22.398 21.506 
0.614 20.949 20.969 20.962 21.013 21.072 20.994 20.952 21.032 21.199 21.286 21.535 22.236 22.212 21.447 
0.651 21.217 20.982 20.834 21.052 21.078 21.039 20.895 21.054 21.040 21.288 21.496 21.750 22.323 21.373 
0.689 21.511 21.037 21.017 20.935 20.957 21.114 20.962 20.999 21.187 21.357 21.619 21.935 22.029 21.458 
0.730 21.761 21.203 20.995 20.992 21.054 21.135 21.000 21.069 21.145 21.241 21.554 21.812 21.933 21.383 
0.773 21.997 21.389 21.129 20.988 21.003 21.031 21.111 21.005 21.119 21.204 21.487 21.864 22.065 21.349 
0.819 22.335 21.589 21.272 21.138 20.979 21.208 21.282 21.045 21.198 21.112 21.378 21.766 21.912 21.325 
0.868 22.641 21.802 21.460 21.252 21.132 21.211 21.454 21.143 21.253 21.263 21.407 21.526 21.691 21.341 
0.919 22.851 21.979 21.569 21.334 21.315 21.250 21.580 21.259 21.287 21.242 21.350 21.582 21.811 21.337 
0.974 23.089 22.125 21.722 21.412 21.344 21.411 21.683 21.332 21.461 21.336 21.366 21.626 21.781 21.428 
1.032 23.392 22.404 21.878 21.636 21.440 21.530 21.886 21.488 21.541 21.373 21.436 21.611 21.910 21.488 
1.093 23.936 22.635 22.051 21.747 21.578 21.613 22.056 21.584 21.668 21.423 21.471 21.625 21.786 21.544 
1.158 24.073 22.859 22.251 21.886 21.713 21.666 22.214 21.707 21.799 21.605 21.496 21.562 21.791 21.618 
1.226 24.510 23.072 22.382 22.060 21.836 21.862 22.380 21.864 21.891 21.707 21.591 21.677 21.968 21.728 
1.299 24.825 23.277 22.553 22.126 21.975 22.013 22.535 21.988 22.025 21.688 21.683 21.778 21.995 21.809 
1.376 25.328 23.586 22.706 22.327 22.084 22.015 22.725 22.083 22.015 21.839 21.738 21.818 21.972 21.853 
1.458 25.668 23.731 22.818 22.376 22.109 22.229 22.823 22.162 22.198 21.858 21.780 21.863 22.053 21.933 
1.544 25.884 23.914 22.931 22.498 22.239 22.252 22.948 22.268 22.231 21.918 21.804 21.868 22.051 21.949 
1.636 26.207 24.158 23.139 22.589 22.407 22.420 23.110 22.415 22.371 21.961 21.868 21.922 22.096 22.037 
1.733 26.551 24.365 23.213 22.768 22.546 22.555 23.245 22.562 22.449 22.075 21.934 22.003 22.131 22.117 
1.836 27.005 24.566 23.359 22.998 22.640 22.600 23.422 22.672 22.510 22.098 22.015 22.152 22.198 22.192 
1.944 27.469 24.804 23.591 23.052 22.698 22.715 23.617 22.737 22.585 22.213 22.133 22.226 22.150 22.290 
2.060 27.974 25.202 23.805 23.268 22.806 22.834 23.848 22.875 22.693 22.291 22.116 22.373 22.383 22.362 
2.182 28.227 25.433 24.067 23.509 23.055 22.968 24.090 23.081 22.829 22.366 22.225 22.330 22.362 22.432 
2.311 29.336 25.826 24.225 23.687 23.146 23.013 24.298 23.178 22.872 22.443 22.266 22.432 22.411 22.502 
2.448 29.306 26.408 24.682 23.893 23.281 23.137 24.664 23.334 22.989 22.586 22.354 22.532 22.463 22.601 
2.594 30.620 26.819 24.917 24.154 23.565 23.285 24.937 23.562 23.098 22.594 22.409 22.546 22.549 22.647 
2.747 29.941 27.189 25.276 24.293 23.647 23.499 25.200 23.704 23.239 22.661 22.450 22.678 22.583 22.731 
2.910 31.944 27.595 25.631 24.549 23.884 23.530 25.478 23.909 23.297 22.789 22.452 22.735 22.639 22.793 
3.083 32.388 27.747 25.936 24.685 24.019 23.590 25.679 24.035 23.361 22.857 22.501 22.714 22.650 22.836 
3.266 34.357 28.164 26.212 24.788 24.181 23.640 25.874 24.139 23.412 22.929 22.486 22.752 22.631 22.864 
3.459 31.609 28.337 26.549 24.903 24.254 23.666 25.997 24.253 23.439 22.993 22.447 22.665 22.678 22.847 
3.665 32.106 28.601 26.726 25.023 24.411 23.790 26.194 24.368 23.518 23.038 22.437 22.621 22.611 22.855 
3.882 32.490 28.740 26.900 25.054 24.460 23.841 26.265 24.435 23.533 23.092 22.425 22.567 22.611 22.854 
4.112 32.669 28.671 26.993 25.095 24.510 23.882 26.341 24.475 23.570 23.058 22.400 22.551 22.601 22.837 
4.356 36.084 28.848 27.241 25.142 24.518 23.849 26.425 24.482 23.545 23.070 22.376 22.488 22.553 22.811 
4.614 37.625 28.954 27.223 25.212 24.592 23.914 26.475 24.543 23.569 23.065 22.334 22.439 22.497 22.781 
4.888 38.644 29.116 27.371 25.284 24.596 23.946 26.585 24.573 23.573 23.104 22.330 22.393 22.458 22.780 
5.178 37.891 29.414 27.757 25.417 24.793 24.034 26.743 24.743 23.593 23.110 22.328 22.423 22.526 22.789 
5.485 40.860 29.732 27.804 25.608 24.991 24.225 26.954 24.909 23.743 23.194 22.345 22.391 22.493 22.818 
5.810 41.865 30.010 28.502 25.890 25.304 24.402 27.377 25.172 23.860 23.300 22.391 22.452 22.527 22.898 
6.155 51.736 30.874 28.916 26.313 25.542 24.598 27.758 25.419 24.028 23.430 22.441 22.454 22.559 22.959 
6.520 44.107 31.660 29.616 26.888 25.955 25.006 28.502 25.863 24.250 23.608 22.541 22.524 22.655 23.071 
6.906 60.715 32.397 30.695 27.529 26.434 25.254 29.292 26.192 24.486 23.796 22.648 22.572 22.737 23.185 
7.316 nan 33.637 31.283 28.120 26.944 25.708 29.825 26.728 24.768 24.000 22.772 22.638 22.820 23.311 
7.750 65.621 35.695 32.143 28.895 27.511 26.173 30.438 27.301 25.038 24.138 22.848 22.672 22.884 23.397 
8.210 74.450 34.358 32.585 29.217 27.893 26.507 30.852 27.615 25.273 24.280 22.951 22.741 22.980 23.502 
8.696 nan 35.830 33.033 29.669 28.161 26.733 31.301 27.903 25.452 24.412 23.018 22.788 23.000 23.574 
9.212 72.704 42.746 34.081 29.930 28.389 27.058 31.509 28.233 25.651 24.534 23.123 22.874 23.117 23.673 
9.759 70.916 40.218 34.908 30.620 28.747 27.345 32.427 28.634 25.816 24.690 23.258 22.969 23.240 23.796 
10.337 70.705 38.727 33.762 30.994 29.223 27.629 32.539 29.009 26.015 24.833 23.415 23.136 23.387 23.956 
10.950 71.167 39.728 36.464 31.539 29.758 27.981 32.989 29.384 26.209 25.002 23.556 23.249 23.504 24.088 
11.600 nan 37.640 34.512 31.585 30.140 28.404 33.234 29.766 26.549 25.248 23.742 23.452 23.679 24.292 
12.288 80.052 41.309 35.827 32.104 30.687 28.779 33.687 30.210 26.819 25.438 23.951 23.619 23.805 24.479 
13.016 96.839 45.695 38.676 32.434 30.776 29.355 34.233 30.697 27.110 25.637 24.175 23.793 23.946 24.678 
13.788 82.450 36.749 37.800 32.506 30.703 29.203 34.610 30.495 27.232 25.739 24.400 23.974 24.033 24.854 
14.606 79.627 nan 37.486 32.468 30.537 29.356 34.376 30.419 27.379 25.833 24.614 24.206 24.170 25.062 
15.472 94.367 40.739 35.590 32.229 29.853 29.028 34.147 29.957 27.435 25.837 24.822 24.476 24.290 25.256 
16.390 nan 40.531 36.291 31.913 29.797 28.914 34.450 29.824 27.483 25.863 24.992 24.753 24.351 25.431 
17.362 nan 41.354 35.820 32.219 29.751 29.126 34.371 29.883 27.612 25.944 25.160 24.987 24.518 25.599 
18.392 nan nan 34.717 32.958 30.021 29.517 35.022 30.250 27.842 26.033 25.292 25.173 24.545 25.729 
19.482 107.085 49.560 35.571 32.884 30.494 29.673 35.116 30.575 28.107 26.173 25.427 25.348 24.677 25.883 
20.638 nan nan 39.512 33.615 30.714 30.154 37.305 30.884 28.334 26.311 25.553 25.531 24.798 26.020 
21.862 nan 71.907 38.851 34.465 31.666 30.566 37.103 31.700 28.648 26.545 25.680 25.744 24.936 26.189 
23.158 nan 86.410 39.513 35.492 31.928 30.741 39.854 31.818 28.944 26.755 25.873 25.909 25.007 26.371 
24.532 nan 86.810 38.481 35.953 33.032 31.581 38.647 32.817 29.262 27.021 26.022 26.040 25.176 26.538 
25.987 nan 88.290 nan 36.254 33.315 32.135 37.530 33.375 29.789 27.291 26.229 26.236 25.354 26.756 
27.528 nan 89.494 56.330 37.759 33.666 31.881 40.044 33.186 30.023 27.564 26.478 26.541 25.657 27.034 
29.160 nan nan 61.124 38.069 34.711 32.249 39.205 33.911 30.556 27.923 26.868 26.945 25.934 27.425 
30.890 inf inf inf inf inf inf inf inf inf inf inf inf inf inf 
