# t[days] lsstu lsstg lsstr lssti lsstz lssty f062 f087 f106 f129 f158 f184 f213 f146 
0.103 23.720 24.241 25.780 25.004 23.747 27.209 25.681 24.323 28.052 29.087 29.636 29.536 28.084 28.675 
0.109 20.903 21.113 21.462 23.378 22.258 20.594 21.605 21.712 20.776 23.928 23.980 24.067 25.437 21.913 
0.116 21.094 20.575 21.002 22.455 21.943 22.856 20.967 22.569 20.888 21.325 22.860 23.491 24.948 21.771 
0.122 21.033 20.937 20.706 21.802 21.568 22.550 20.998 21.893 21.816 22.863 22.885 25.829 27.809 22.635 
0.130 20.841 20.873 21.096 22.310 21.476 21.981 21.265 21.816 21.986 23.503 23.791 23.176 21.963 22.805 
0.137 20.724 20.722 21.277 22.007 20.913 20.824 21.132 20.999 21.510 22.627 23.628 24.120 24.995 22.443 
0.145 21.580 21.096 20.768 21.295 21.280 22.336 20.890 21.575 22.233 22.065 23.871 23.460 21.806 22.545 
0.154 20.951 21.070 21.116 21.036 20.174 21.621 21.312 20.548 21.807 21.980 22.388 24.570 24.712 22.131 
0.163 21.676 21.043 21.468 20.733 21.169 22.073 21.076 21.340 22.349 22.514 21.663 21.783 22.580 21.981 
0.173 21.335 21.206 21.209 21.308 21.004 22.787 21.364 21.164 22.967 22.287 22.033 22.675 21.722 22.518 
0.183 21.879 21.563 21.432 21.953 21.209 21.760 21.605 21.455 22.153 21.663 21.856 21.481 23.605 21.825 
0.194 21.513 21.692 21.898 21.388 22.148 21.793 21.648 21.789 22.250 21.921 22.254 22.057 23.159 22.063 
0.206 21.708 21.684 21.901 22.039 21.670 21.824 21.796 21.829 22.092 21.967 21.796 22.371 23.164 22.011 
0.218 21.942 21.925 21.696 22.030 21.937 21.976 21.850 21.981 22.383 22.284 21.290 22.048 21.949 21.959 
0.231 21.849 21.787 21.735 22.626 22.065 22.921 21.886 22.442 22.591 22.248 21.902 21.889 23.780 22.249 
0.244 21.776 21.841 22.252 22.416 22.049 21.399 22.115 21.957 21.810 22.155 22.679 22.548 23.079 22.218 
0.259 21.996 22.123 22.216 22.495 21.815 22.471 22.207 22.211 22.506 22.508 22.613 21.735 23.641 22.323 
0.274 22.203 22.071 22.489 22.164 22.201 22.446 22.367 22.282 22.585 21.835 22.223 22.661 22.918 22.248 
0.290 22.256 22.125 22.382 22.454 22.237 22.815 22.394 22.387 22.669 22.649 22.423 22.357 22.690 22.518 
0.308 22.222 22.240 22.513 22.484 21.955 22.852 22.387 22.299 22.635 22.435 22.625 22.480 22.822 22.616 
0.326 22.475 22.410 22.226 22.592 22.542 22.797 22.394 22.550 22.910 23.036 22.975 22.607 22.366 22.894 
0.345 22.645 22.484 22.596 22.923 22.733 22.805 22.691 22.878 22.492 22.754 22.836 23.011 22.741 22.747 
0.366 22.564 22.484 22.658 22.529 22.115 22.230 22.639 22.166 22.464 22.627 22.418 22.061 23.158 22.335 
0.387 22.741 22.523 22.435 22.318 22.700 22.373 22.390 22.627 22.252 22.551 22.947 22.928 23.355 22.626 
0.410 22.641 22.411 22.413 22.391 22.530 22.467 22.390 22.512 22.475 22.332 22.760 22.991 22.619 22.582 
0.435 22.768 22.647 22.625 22.658 22.381 22.543 22.628 22.514 22.408 22.762 22.642 22.710 22.894 22.596 
0.461 23.113 22.821 22.727 22.869 22.694 22.742 22.771 22.737 22.645 22.741 22.808 23.087 23.190 22.814 
0.488 23.322 22.909 22.821 22.505 22.726 22.784 22.688 22.714 22.847 22.895 22.795 22.833 22.967 22.830 
0.517 23.411 22.965 22.893 22.772 22.651 22.764 22.874 22.718 22.638 22.476 22.845 23.000 23.143 22.679 
0.547 23.741 23.111 22.741 22.710 22.664 22.643 22.822 22.587 22.833 22.830 22.818 22.712 22.819 22.789 
0.580 23.458 23.316 23.015 22.719 22.895 22.785 22.996 22.761 22.730 22.713 22.712 22.956 22.809 22.771 
0.614 23.757 23.287 22.997 22.813 22.488 22.588 23.024 22.528 22.687 22.731 22.616 22.643 22.914 22.666 
0.651 24.091 23.297 22.978 22.705 22.660 22.758 22.926 22.697 22.665 22.573 22.519 22.551 22.729 22.590 
0.689 24.358 23.398 22.965 22.772 22.532 22.836 22.997 22.615 22.757 22.564 22.641 22.720 22.620 22.675 
0.730 24.397 23.517 23.104 22.883 22.765 22.709 23.097 22.760 22.811 22.779 22.652 22.497 22.552 22.707 
0.773 24.739 23.715 23.163 22.921 22.729 22.526 23.185 22.662 22.689 22.686 22.704 22.612 22.822 22.673 
0.819 24.904 23.776 23.340 23.027 22.800 22.605 23.311 22.781 22.561 22.540 22.418 22.592 22.715 22.517 
0.868 24.980 23.953 23.212 23.094 22.724 22.628 23.291 22.749 22.619 22.502 22.476 22.503 22.468 22.548 
0.919 25.494 24.166 23.442 23.256 22.819 22.732 23.504 22.865 22.710 22.677 22.565 22.635 22.610 22.644 
0.974 25.564 24.256 23.541 23.136 22.760 22.857 23.526 22.830 22.826 22.613 22.555 22.529 22.686 22.636 
1.032 25.848 24.587 23.715 23.338 22.971 22.844 23.798 22.977 22.850 22.681 22.634 22.530 22.488 22.672 
1.093 25.928 24.698 23.789 23.454 23.031 22.938 23.832 23.071 22.910 22.705 22.484 22.556 22.538 22.667 
1.158 26.453 25.007 23.975 23.623 23.139 23.107 24.058 23.190 23.035 22.732 22.614 22.553 22.589 22.754 
1.226 27.180 25.371 24.108 23.843 23.337 23.149 24.183 23.389 23.025 22.818 22.638 22.544 22.622 22.766 
1.299 27.330 25.322 24.087 23.791 23.351 23.219 24.195 23.340 23.173 22.781 22.579 22.615 22.510 22.795 
1.376 27.314 25.484 24.372 23.956 23.573 23.412 24.411 23.583 23.216 22.885 22.706 22.630 22.357 22.856 
1.458 27.495 25.619 24.516 24.073 23.550 23.261 24.578 23.536 23.140 22.858 22.697 22.622 22.527 22.833 
1.544 28.291 26.012 24.702 24.162 23.538 23.433 24.749 23.586 23.204 22.859 22.699 22.635 22.494 22.854 
1.636 28.090 26.102 24.709 24.230 23.647 23.565 24.764 23.725 23.305 22.885 22.710 22.746 22.647 22.902 
1.733 28.441 26.280 24.729 24.334 23.721 23.535 24.811 23.779 23.293 22.899 22.689 22.620 22.559 22.876 
1.836 28.847 26.544 24.896 24.488 23.833 23.588 25.006 23.853 23.348 22.899 22.712 22.637 22.518 22.893 
1.944 29.125 26.541 25.021 24.546 23.893 23.816 25.084 23.993 23.492 23.019 22.726 22.663 22.526 22.956 
2.060 29.849 26.968 25.337 24.703 24.037 23.810 25.351 24.071 23.600 23.076 22.760 22.670 22.547 23.006 
2.182 30.133 27.152 25.379 24.799 24.096 23.820 25.453 24.119 23.555 23.066 22.727 22.736 22.526 23.002 
2.311 30.661 27.402 25.460 24.882 24.216 23.944 25.517 24.264 23.610 23.049 22.718 22.717 22.567 22.997 
2.448 30.542 27.776 25.799 24.990 24.304 24.039 25.766 24.377 23.659 23.120 22.724 22.684 22.551 23.015 
2.594 31.192 27.824 25.958 25.251 24.412 24.153 25.959 24.515 23.720 23.192 22.738 22.715 22.643 23.060 
2.747 31.119 28.249 26.228 25.405 24.938 24.409 26.225 24.891 23.955 23.236 22.681 22.691 22.634 23.066 
2.910 32.351 28.586 26.463 25.495 24.970 24.424 26.404 24.918 23.920 23.291 22.641 22.682 22.651 23.063 
3.083 32.904 29.377 27.098 25.788 25.215 24.595 26.898 25.175 24.081 23.319 22.641 22.706 22.708 23.099 
3.266 35.135 29.422 27.385 26.078 25.361 24.688 27.210 25.327 24.124 23.389 22.643 22.675 22.698 23.104 
3.459 36.371 30.204 27.514 26.157 25.606 24.844 27.357 25.500 24.282 23.436 22.622 22.632 22.721 23.117 
3.665 35.201 30.515 27.900 26.360 25.776 25.037 27.574 25.708 24.395 23.454 22.622 22.679 22.746 23.142 
3.882 42.758 31.062 28.465 26.780 25.995 25.172 28.052 25.936 24.479 23.580 22.661 22.658 22.755 23.183 
4.112 54.695 30.978 28.702 27.008 26.421 25.454 28.369 26.315 24.589 23.669 22.688 22.666 22.757 23.220 
4.356 44.878 32.179 29.376 27.379 26.614 25.591 28.769 26.483 24.808 23.806 22.714 22.654 22.763 23.259 
4.614 44.127 32.307 29.526 27.668 26.824 25.736 29.021 26.657 24.938 23.879 22.727 22.673 22.807 23.295 
4.888 41.406 32.412 30.135 27.758 27.100 25.898 29.297 26.866 25.077 23.976 22.783 22.652 22.849 23.337 
5.178 68.068 34.841 30.334 28.136 27.187 26.166 29.906 27.047 25.271 24.079 22.841 22.704 22.869 23.405 
5.485 64.837 33.334 31.036 28.471 27.507 26.367 30.228 27.325 25.438 24.207 22.903 22.688 22.906 23.448 
5.810 69.793 36.639 31.957 28.907 27.818 26.594 30.952 27.575 25.605 24.313 22.980 22.722 22.979 23.523 
6.155 nan 34.477 31.483 29.419 28.258 26.653 30.942 27.799 25.829 24.379 23.051 22.796 23.060 23.597 
6.520 nan 39.153 32.683 29.828 28.692 27.037 31.417 28.252 26.038 24.503 23.163 22.859 23.158 23.701 
6.906 79.285 38.642 33.344 30.206 28.756 27.245 32.458 28.487 26.195 24.634 23.250 22.902 23.208 23.770 
7.316 nan 36.045 34.862 30.974 29.015 27.388 32.514 28.721 26.438 24.768 23.358 23.010 23.307 23.886 
7.750 90.381 44.107 37.455 32.145 29.555 27.711 34.365 29.064 26.643 24.866 23.452 23.145 23.445 24.000 
8.210 92.678 nan 36.334 31.218 29.523 27.869 33.073 29.021 26.782 24.974 23.551 23.224 23.544 24.094 
8.696 nan 44.970 41.266 32.013 30.119 28.342 34.075 29.709 27.076 25.117 23.681 23.350 23.691 24.223 
9.212 94.581 59.315 35.935 31.707 30.311 28.659 34.377 29.944 27.242 25.251 23.833 23.537 23.899 24.385 
9.759 95.820 68.950 34.633 33.024 30.869 28.942 35.032 30.340 27.431 25.373 23.940 23.687 24.032 24.512 
10.337 97.249 nan 43.967 33.190 30.865 29.257 36.948 30.739 27.759 25.506 24.069 23.849 24.224 24.660 
10.950 104.371 70.947 37.671 33.651 31.156 29.418 36.196 30.750 28.049 25.702 24.198 24.021 24.356 24.821 
11.600 99.911 70.534 45.548 36.014 31.967 29.772 40.599 31.496 28.192 25.897 24.362 24.179 24.538 24.981 
12.288 104.137 nan 51.442 33.884 32.656 29.889 37.639 31.587 28.474 26.091 24.561 24.434 24.671 25.210 
13.016 103.538 88.812 48.784 34.918 31.712 30.580 43.554 31.719 28.947 26.312 24.774 24.649 24.857 25.426 
13.788 103.336 91.100 56.175 35.359 31.912 30.710 42.369 31.805 29.222 26.620 25.114 24.962 25.137 25.756 
14.606 105.015 nan 44.210 41.227 33.129 31.163 44.092 33.047 29.550 26.972 25.470 25.374 25.384 26.118 
15.472 105.923 nan 50.762 34.844 34.051 31.311 37.413 32.948 29.833 27.359 25.909 25.892 25.757 26.569 
16.390 nan 98.759 71.495 37.704 33.818 31.535 44.392 32.945 30.014 27.642 26.349 26.365 26.052 26.991 
17.362 109.646 nan nan nan 34.589 31.868 73.133 33.390 30.067 27.908 26.861 26.895 26.343 27.460 
18.392 nan nan 66.910 41.167 34.963 32.513 42.550 33.736 31.015 28.332 27.338 27.605 26.817 27.992 
19.482 nan 96.678 nan nan 33.416 32.505 65.011 33.899 31.600 29.135 28.214 28.310 27.441 28.791 
20.638 113.772 nan nan nan 47.930 34.362 83.161 36.085 32.599 30.126 29.105 29.294 28.516 29.721 
21.862 115.251 nan nan 81.169 74.443 51.372 83.306 74.344 34.923 32.518 31.228 31.303 29.800 31.819 
23.158 nan nan nan 83.914 78.379 nan nan nan 71.797 33.955 32.998 31.913 30.627 33.000 
24.532 116.711 nan 96.085 84.530 nan nan 86.839 nan nan 45.019 34.765 32.682 32.033 34.072 
25.987 118.522 104.315 95.193 86.604 nan 79.157 nan nan nan nan 52.946 32.408 31.676 33.985 
27.528 nan nan 98.201 87.656 80.983 79.265 91.228 81.973 80.671 nan 35.007 33.637 32.374 35.197 
29.160 120.265 nan nan nan nan 79.389 90.340 81.689 79.319 nan nan 37.530 33.208 39.107 
30.890 inf inf inf inf inf inf inf inf inf inf inf inf inf inf 
