# t[days] lsstu lsstg lsstr lssti lsstz lssty f062 f087 f106 f129 f158 f184 f213 f146 
0.103 21.537 21.504 24.170 23.029 22.148 24.219 22.866 22.507 25.191 23.434 29.225 24.736 24.712 24.297 
0.109 18.396 18.728 19.687 19.762 18.963 20.261 19.690 19.389 20.153 21.734 20.076 21.799 24.775 20.515 
0.116 18.661 18.337 19.053 19.077 18.596 19.704 18.784 19.269 19.181 21.619 19.573 19.065 25.600 19.699 
0.122 18.254 18.067 18.594 18.352 20.218 19.262 18.386 19.002 19.076 20.702 20.797 24.831 25.203 20.036 
0.130 18.261 18.615 18.263 18.783 18.695 21.195 18.445 19.039 19.879 20.288 21.143 22.459 21.246 20.414 
0.137 18.313 18.279 18.625 18.741 18.124 19.928 18.471 18.758 19.606 19.977 21.047 19.932 19.218 19.952 
0.145 18.332 18.378 19.152 18.561 18.674 18.446 18.823 18.603 18.775 19.887 21.322 22.684 22.637 19.760 
0.154 18.538 18.845 18.607 18.946 18.830 19.721 18.712 19.064 19.924 19.735 20.802 21.267 22.923 20.231 
0.163 18.415 18.716 18.846 18.782 18.877 20.339 18.940 18.908 19.690 19.034 19.543 21.470 20.533 19.611 
0.173 18.473 18.731 18.891 19.023 18.659 20.238 18.814 19.009 19.462 19.202 20.221 19.978 21.236 19.664 
0.183 18.853 18.701 18.717 18.450 19.420 20.640 18.646 19.311 19.806 18.770 19.794 19.890 20.276 19.426 
0.194 18.730 18.888 19.007 18.825 18.824 19.534 18.918 18.923 19.713 19.285 18.729 19.105 21.017 19.334 
0.206 18.937 18.965 19.373 18.954 19.631 19.519 19.163 19.358 19.720 19.345 19.905 19.948 21.168 19.702 
0.218 19.044 18.814 18.996 19.062 19.396 20.224 19.103 19.260 19.871 19.029 19.400 20.120 19.774 19.542 
0.231 19.287 18.837 19.140 19.522 19.990 19.344 19.183 19.715 19.550 19.874 19.918 21.379 21.097 19.941 
0.244 18.904 19.147 19.379 19.327 19.340 19.921 19.267 19.471 19.828 19.803 19.681 19.956 20.494 19.887 
0.259 19.345 19.238 19.521 19.384 19.636 19.682 19.398 19.557 19.664 19.204 19.370 19.447 20.626 19.328 
0.274 19.075 19.426 19.385 19.680 19.873 19.759 19.482 19.744 19.914 19.756 19.735 20.281 20.641 19.856 
0.290 19.158 19.402 19.589 19.770 19.712 20.925 19.561 19.948 20.468 20.335 19.943 20.071 19.930 20.250 
0.308 19.242 19.566 19.764 19.872 20.073 19.632 19.746 19.880 19.835 20.017 20.264 19.770 19.208 19.945 
0.326 19.465 19.702 19.562 19.546 19.533 19.666 19.553 19.572 19.953 20.243 20.075 20.110 20.493 20.041 
0.345 19.372 19.433 19.465 19.929 19.634 19.709 19.537 19.713 19.931 20.178 20.540 19.962 20.719 20.109 
0.366 19.479 19.514 19.724 19.835 19.496 19.862 19.688 19.642 19.780 20.272 20.548 19.813 20.531 20.032 
0.387 19.583 19.333 19.469 19.733 19.444 19.234 19.482 19.567 19.398 19.779 20.281 20.036 20.733 19.749 
0.410 19.801 19.693 19.983 19.765 19.727 19.370 19.879 19.565 19.457 20.228 20.251 19.791 20.367 19.833 
0.435 19.800 19.645 19.842 19.818 19.682 20.071 19.749 19.844 20.004 20.084 20.569 20.518 20.412 20.249 
0.461 19.835 19.763 19.703 19.756 20.064 19.779 19.727 19.912 19.815 19.845 20.012 20.382 20.619 19.975 
0.488 19.945 19.793 19.643 19.647 19.589 19.832 19.629 19.687 19.950 19.931 20.157 19.784 20.341 19.971 
0.517 20.001 19.812 19.742 19.805 20.017 20.010 19.745 19.923 20.052 19.903 20.002 19.844 20.406 19.987 
0.547 20.063 19.993 19.909 19.696 19.845 19.724 19.887 19.709 19.861 19.881 20.177 20.247 20.505 20.006 
0.580 20.036 19.979 19.779 19.754 19.911 19.944 19.773 19.917 19.962 19.921 20.104 20.510 20.231 20.087 
0.614 20.166 19.921 19.872 19.829 19.977 19.948 19.868 19.916 19.899 19.962 19.991 19.993 20.450 19.965 
0.651 20.330 20.032 19.862 19.751 20.001 19.697 19.850 19.834 19.823 19.886 20.050 20.009 20.202 19.926 
0.689 20.477 20.063 19.789 19.849 19.867 19.954 19.840 19.899 19.980 19.982 20.155 19.936 20.377 20.007 
0.730 20.552 20.029 19.876 19.744 19.763 19.854 19.822 19.806 19.895 19.927 20.084 20.026 20.080 19.993 
0.773 20.570 20.119 19.908 19.783 19.704 19.748 19.899 19.749 19.790 19.837 19.990 20.114 20.381 19.903 
0.819 20.827 20.196 19.958 19.779 19.793 19.850 19.927 19.814 19.846 19.867 19.827 19.999 20.177 19.873 
0.868 20.962 20.249 19.971 19.797 19.814 19.788 19.934 19.839 19.809 19.902 19.915 19.932 20.425 19.878 
0.919 21.283 20.369 20.066 19.864 19.797 19.876 20.041 19.836 19.848 19.772 19.864 19.963 20.196 19.874 
0.974 21.443 20.511 20.124 19.864 19.783 19.782 20.086 19.816 19.816 19.772 19.861 20.030 20.257 19.865 
1.032 21.609 20.575 20.207 19.911 19.848 19.914 20.156 19.881 19.863 19.829 19.907 19.993 20.175 19.897 
1.093 21.973 20.668 20.341 19.975 19.783 19.751 20.260 19.820 19.806 19.743 19.876 19.993 20.242 19.845 
1.158 22.095 20.795 20.308 19.978 19.905 19.867 20.261 19.914 19.850 19.760 19.870 19.945 20.245 19.849 
1.226 22.358 20.974 20.492 20.161 20.022 19.968 20.458 20.056 19.926 19.841 19.962 19.899 20.144 19.915 
1.299 22.604 21.036 20.514 20.142 20.015 19.963 20.462 20.037 19.920 19.788 19.973 19.951 20.089 19.908 
1.376 22.882 21.201 20.617 20.142 19.997 19.870 20.539 20.001 19.862 19.758 19.888 19.919 20.123 19.860 
1.458 23.121 21.245 20.674 20.272 20.068 19.895 20.606 20.087 19.875 19.772 19.917 19.979 19.989 19.884 
1.544 23.300 21.321 20.728 20.284 20.133 19.894 20.655 20.118 19.863 19.771 19.922 19.969 20.083 19.873 
1.636 23.714 21.437 20.731 20.290 20.102 19.889 20.683 20.089 19.873 19.749 19.881 19.845 20.019 19.839 
1.733 23.874 21.619 20.840 20.322 20.148 19.863 20.764 20.110 19.891 19.747 19.871 19.884 20.015 19.847 
1.836 24.462 21.759 20.914 20.426 20.225 19.952 20.866 20.197 19.919 19.800 19.880 19.878 20.057 19.867 
1.944 24.665 21.996 20.981 20.459 20.175 19.992 20.961 20.174 19.972 19.757 19.883 19.856 20.009 19.872 
2.060 25.162 22.154 21.114 20.527 20.281 19.923 21.051 20.235 19.949 19.761 19.898 19.880 19.950 19.874 
2.182 25.253 22.393 21.210 20.610 20.423 19.994 21.170 20.335 20.001 19.774 19.924 19.876 19.930 19.897 
2.311 25.390 22.596 21.397 20.707 20.352 19.973 21.345 20.295 20.025 19.826 19.922 19.858 19.896 19.911 
2.448 25.966 22.820 21.494 20.821 20.524 20.082 21.462 20.426 20.121 19.820 19.904 19.922 19.968 19.937 
2.594 26.367 23.127 21.654 20.953 20.574 20.121 21.600 20.516 20.148 19.833 19.897 19.898 19.854 19.943 
2.747 27.146 23.587 21.852 21.082 20.622 20.170 21.809 20.562 20.207 19.848 19.916 19.926 19.892 19.968 
2.910 26.865 23.971 22.118 21.233 20.748 20.219 22.033 20.660 20.275 19.873 19.898 19.919 19.868 19.985 
3.083 28.035 24.208 22.318 21.374 20.829 20.306 22.241 20.752 20.343 19.908 19.911 19.938 19.872 20.018 
3.266 28.173 24.492 22.590 21.527 20.957 20.422 22.436 20.878 20.446 19.977 19.925 19.966 19.882 20.068 
3.459 29.165 24.827 22.767 21.718 21.128 20.508 22.619 21.027 20.541 20.039 19.919 19.951 19.881 20.098 
3.665 29.435 25.053 23.091 21.973 21.320 20.669 22.888 21.219 20.711 20.130 19.956 19.961 19.873 20.169 
3.882 31.220 25.464 23.374 22.170 21.498 20.788 23.136 21.394 20.826 20.237 20.004 19.997 19.883 20.240 
4.112 30.497 25.552 23.696 22.395 21.684 20.946 23.375 21.568 20.968 20.309 20.015 20.013 19.938 20.289 
4.356 30.185 26.102 24.087 22.683 21.860 21.129 23.706 21.781 21.122 20.394 20.043 20.026 19.964 20.348 
4.614 32.937 26.570 24.422 22.913 22.093 21.280 23.994 21.973 21.252 20.488 20.087 20.041 19.942 20.406 
4.888 34.081 26.813 24.915 23.225 22.228 21.452 24.364 22.155 21.402 20.590 20.104 20.039 19.990 20.463 
5.178 38.132 27.580 25.387 23.593 22.558 21.664 24.819 22.438 21.586 20.735 20.128 20.038 20.002 20.522 
5.485 41.371 27.729 25.997 24.103 22.835 21.909 25.403 22.733 21.745 20.868 20.206 20.099 20.064 20.618 
5.810 38.845 28.911 26.610 24.553 23.150 22.170 25.853 23.045 21.943 20.987 20.255 20.135 20.127 20.692 
6.155 40.833 30.061 27.091 24.992 23.467 22.404 26.354 23.342 22.093 21.128 20.359 20.219 20.216 20.800 
6.520 nan 29.857 27.709 25.509 23.819 22.715 26.894 23.700 22.341 21.296 20.452 20.266 20.308 20.906 
6.906 56.449 30.651 28.414 25.880 24.150 22.898 27.531 23.942 22.534 21.437 20.560 20.364 20.417 21.019 
7.316 47.934 30.951 28.850 26.433 24.584 23.176 27.935 24.337 22.708 21.521 20.651 20.468 20.498 21.121 
7.750 68.268 33.853 28.718 26.558 24.889 23.409 27.945 24.600 22.919 21.677 20.776 20.605 20.619 21.256 
8.210 68.913 31.612 29.607 27.394 25.407 23.671 28.689 24.966 23.139 21.822 20.923 20.716 20.751 21.398 
8.696 84.264 31.160 30.279 27.515 25.473 23.906 29.040 25.125 23.355 21.965 21.108 20.872 20.891 21.568 
9.212 88.105 33.899 31.039 28.059 25.903 24.181 29.587 25.501 23.625 22.087 21.291 21.060 21.091 21.750 
9.759 nan 48.002 33.637 28.204 26.139 24.443 29.913 25.711 23.889 22.235 21.435 21.264 21.261 21.915 
10.337 87.885 38.552 32.099 29.099 26.412 24.869 30.616 26.082 24.285 22.385 21.608 21.452 21.417 22.100 
10.950 89.868 34.172 33.074 29.545 26.916 25.252 31.315 26.543 24.586 22.605 21.749 21.623 21.608 22.279 
11.600 nan 62.314 32.583 29.827 27.293 25.607 31.213 26.858 24.847 22.866 21.967 21.854 21.807 22.506 
12.288 nan 50.224 33.849 31.114 28.088 26.291 32.965 27.747 25.235 23.080 22.179 22.090 22.064 22.744 
13.016 nan 67.088 41.832 30.232 28.244 26.715 32.159 27.909 25.722 23.412 22.474 22.432 22.350 23.072 
13.788 nan nan 40.993 30.940 28.844 27.354 33.227 28.738 26.025 23.764 22.722 22.692 22.623 23.351 
14.606 98.055 nan 41.303 35.084 30.051 28.090 37.292 29.570 26.553 24.185 23.129 23.099 22.968 23.758 
15.472 nan 80.831 39.000 33.886 30.004 28.410 35.623 29.648 26.866 24.613 23.519 23.521 23.357 24.165 
16.390 100.128 82.363 54.812 33.798 30.616 29.165 41.618 30.342 27.476 24.972 23.985 23.981 23.734 24.625 
17.362 100.682 nan nan 36.824 30.341 29.006 39.700 30.507 27.440 25.275 24.461 24.339 24.071 25.012 
18.392 nan nan nan 36.300 31.177 29.634 37.213 31.193 28.360 25.577 25.017 24.943 24.457 25.533 
19.482 nan nan nan 32.350 32.101 29.299 nan 30.490 29.021 26.311 25.804 25.556 25.142 26.265 
20.638 108.611 88.170 86.051 66.845 33.022 31.783 nan 33.293 30.493 27.391 26.887 26.739 26.209 27.399 
21.862 105.797 88.300 85.223 73.932 nan 37.449 nan nan 33.341 30.316 29.040 28.360 27.288 29.458 
23.158 nan nan nan nan 75.152 nan 81.403 77.074 nan 30.992 31.102 29.825 27.849 30.882 
24.532 110.525 91.829 89.449 77.949 nan 73.777 nan 74.770 74.482 32.831 31.501 29.640 28.953 31.114 
25.987 111.138 93.721 89.664 nan nan 75.473 nan 76.520 nan nan 36.995 29.866 28.948 31.443 
27.528 110.515 93.747 nan 80.201 nan 76.084 nan 76.922 nan nan 53.074 31.293 29.907 32.870 
29.160 nan 94.985 nan nan nan nan nan nan 79.057 nan 32.777 31.481 30.227 32.765 
30.890 inf inf inf inf inf inf inf inf inf inf inf inf inf inf 
