# t[days] lsstu lsstg lsstr lssti lsstz lssty f062 f087 f106 f129 f158 f184 f213 f146 
0.103 24.558 24.527 27.188 27.113 28.147 32.494 25.766 27.420 28.610 27.604 28.890 41.654 36.700 28.821 
0.109 22.136 21.667 23.415 24.221 25.699 27.156 23.339 24.903 25.225 24.386 25.937 25.787 30.665 25.007 
0.116 21.268 20.797 22.706 23.895 23.192 22.659 21.645 23.127 23.916 27.521 25.858 30.445 33.112 24.962 
0.122 20.738 20.760 20.826 21.373 23.241 24.700 20.856 22.507 22.456 20.668 23.835 27.066 27.041 21.754 
0.130 20.782 21.635 20.786 21.591 22.255 22.175 21.084 22.280 21.504 24.283 25.276 25.970 28.138 22.695 
0.137 19.893 20.404 20.846 23.467 21.641 23.977 21.104 22.231 23.952 24.507 26.547 27.030 28.174 24.645 
0.145 20.173 20.739 20.586 22.403 23.107 23.387 20.828 22.879 23.924 24.141 23.655 24.315 25.326 23.839 
0.154 19.899 20.827 21.291 21.158 22.967 23.401 21.423 21.754 24.418 21.389 24.262 25.132 26.803 22.504 
0.163 20.019 20.793 21.207 21.703 22.658 22.104 21.255 22.221 22.421 24.188 23.619 23.694 24.410 23.150 
0.173 20.076 20.384 21.180 21.688 21.875 21.969 21.046 22.109 21.935 21.570 23.498 25.569 22.497 22.350 
0.183 19.972 20.678 21.139 21.431 21.649 23.583 21.046 22.089 22.640 22.528 22.891 23.889 21.542 22.870 
0.194 20.091 20.403 21.142 21.250 22.075 22.682 20.977 21.895 23.032 23.783 23.810 24.937 24.208 23.584 
0.206 20.038 20.642 21.316 22.170 21.287 22.972 21.313 21.818 22.953 22.424 22.436 23.787 24.535 22.707 
0.218 20.068 20.651 21.320 21.597 21.595 22.023 21.273 21.581 23.044 23.281 22.604 23.520 24.988 22.917 
0.231 20.298 20.941 21.511 21.636 21.992 22.496 21.390 22.176 22.795 23.241 24.335 24.775 24.480 23.473 
0.244 20.237 21.057 21.231 21.714 22.781 21.662 21.326 22.245 21.664 22.049 22.335 24.313 24.012 22.168 
0.259 20.196 20.831 21.385 21.702 21.837 22.505 21.330 21.979 22.505 22.960 22.625 22.644 25.839 22.760 
0.274 20.247 20.944 21.300 22.031 22.045 22.038 21.313 22.172 22.004 22.530 23.687 24.180 24.027 22.772 
0.290 20.358 20.889 21.408 22.056 21.946 22.406 21.449 22.138 22.105 22.887 23.048 24.030 24.361 22.689 
0.308 20.338 20.920 21.404 21.784 21.889 21.910 21.377 21.828 22.367 22.672 23.374 24.017 23.760 22.884 
0.326 20.402 20.888 21.489 21.897 21.467 22.209 21.492 21.789 22.040 22.046 22.783 23.431 24.034 22.387 
0.345 20.569 20.908 21.402 21.538 22.276 22.473 21.364 22.068 22.575 22.425 21.938 22.006 23.047 22.355 
0.366 20.572 21.012 21.562 21.525 21.713 22.369 21.438 21.745 22.044 22.175 22.935 23.647 24.306 22.441 
0.387 20.638 21.030 21.347 21.751 22.041 22.273 21.376 22.050 22.401 22.282 22.559 23.162 23.674 22.564 
0.410 20.657 21.128 21.436 21.739 21.914 21.815 21.447 21.896 22.064 22.344 22.991 23.351 23.269 22.518 
0.435 20.740 21.062 21.304 21.689 21.744 21.714 21.344 21.786 22.048 22.156 22.210 22.952 23.643 22.227 
0.461 20.706 21.011 21.303 21.403 21.716 21.643 21.267 21.616 21.751 22.077 22.327 22.184 22.628 22.008 
0.488 20.855 21.064 21.278 21.539 21.643 21.785 21.314 21.576 22.018 21.829 22.440 22.982 23.377 22.148 
0.517 20.868 20.984 21.149 21.310 21.631 21.500 21.107 21.567 21.601 21.678 22.243 22.772 22.808 21.932 
0.547 20.961 21.095 21.190 21.430 21.449 21.640 21.218 21.520 21.704 21.897 22.133 22.939 22.631 22.017 
0.580 21.176 21.165 21.086 21.271 21.472 21.334 21.117 21.414 21.447 21.750 22.047 22.452 22.639 21.817 
0.614 21.347 21.268 21.234 21.373 21.237 21.358 21.263 21.298 21.412 21.528 21.752 22.312 22.350 21.660 
0.651 21.564 21.328 21.191 21.314 21.429 21.444 21.224 21.400 21.424 21.623 21.733 22.114 22.624 21.700 
0.689 21.957 21.384 21.224 21.273 21.226 21.301 21.232 21.259 21.351 21.630 21.931 22.183 22.219 21.703 
0.730 22.249 21.558 21.303 21.264 21.313 21.347 21.302 21.309 21.436 21.541 21.760 22.102 22.202 21.666 
0.773 22.481 21.787 21.502 21.289 21.296 21.438 21.477 21.296 21.439 21.489 21.821 22.137 22.283 21.643 
0.819 22.967 22.037 21.655 21.547 21.305 21.357 21.674 21.332 21.460 21.463 21.665 22.118 22.104 21.634 
0.868 23.288 22.252 21.836 21.574 21.434 21.457 21.830 21.423 21.548 21.564 21.580 21.747 21.996 21.592 
0.919 23.430 22.459 21.957 21.711 21.628 21.583 21.947 21.604 21.662 21.609 21.641 22.015 22.033 21.694 
0.974 23.833 22.744 22.144 21.900 21.716 21.699 22.158 21.715 21.774 21.706 21.717 21.840 21.930 21.751 
1.032 24.412 23.028 22.449 22.044 21.851 21.887 22.414 21.853 21.965 21.782 21.738 22.010 22.167 21.866 
1.093 24.786 23.293 22.589 22.238 22.052 22.022 22.570 22.062 22.097 21.839 21.768 21.862 22.164 21.897 
1.158 24.953 23.574 22.836 22.364 22.215 22.063 22.792 22.171 22.218 22.018 21.822 21.900 22.120 21.993 
1.226 25.422 23.901 23.011 22.573 22.283 22.243 22.997 22.286 22.369 22.131 21.924 21.965 22.162 22.104 
1.299 25.726 24.167 23.159 22.698 22.420 22.427 23.157 22.445 22.513 22.133 21.988 22.107 22.358 22.192 
1.376 26.190 24.286 23.381 22.814 22.616 22.512 23.327 22.594 22.538 22.263 22.046 22.141 22.179 22.243 
1.458 26.802 24.788 23.540 23.002 22.596 22.699 23.540 22.670 22.718 22.316 22.109 22.209 22.419 22.329 
1.544 26.775 24.963 23.667 23.156 22.765 22.789 23.668 22.829 22.752 22.404 22.204 22.282 22.379 22.411 
1.636 27.168 25.198 23.806 23.416 22.976 23.013 23.858 23.054 23.015 22.536 22.235 22.273 22.465 22.498 
1.733 27.605 25.495 24.108 23.515 23.176 23.091 24.111 23.179 23.037 22.522 22.252 22.414 22.412 22.544 
1.836 28.066 25.794 24.178 23.704 23.251 23.310 24.242 23.332 23.179 22.641 22.403 22.560 22.563 22.679 
1.944 28.613 25.967 24.484 23.955 23.427 23.422 24.490 23.504 23.284 22.735 22.503 22.663 22.553 22.777 
2.060 29.028 26.215 24.709 24.172 23.537 23.446 24.745 23.592 23.364 22.878 22.570 22.771 22.651 22.869 
2.182 29.462 26.589 25.020 24.371 23.652 23.651 25.011 23.758 23.536 22.931 22.605 22.837 22.779 22.947 
2.311 30.036 26.922 25.273 24.680 23.930 23.676 25.289 23.960 23.545 23.004 22.690 22.898 22.763 23.004 
2.448 30.733 27.474 25.575 24.919 24.077 23.960 25.567 24.204 23.714 23.167 22.787 22.964 22.882 23.128 
2.594 30.818 28.155 26.098 25.203 24.350 24.136 26.020 24.421 23.875 23.194 22.817 23.044 22.930 23.191 
2.747 31.959 28.233 26.339 25.449 24.645 24.455 26.259 24.738 24.062 23.335 22.938 23.141 23.037 23.316 
2.910 32.801 28.861 26.745 25.677 24.727 24.514 26.597 24.840 24.196 23.408 22.888 23.192 23.105 23.346 
3.083 32.529 29.402 27.241 25.949 25.112 24.664 27.014 25.155 24.221 23.528 22.963 23.163 23.122 23.410 
3.266 37.849 29.540 27.706 25.992 25.221 24.808 27.121 25.272 24.340 23.632 22.962 23.187 23.080 23.449 
3.459 34.568 29.762 28.051 26.154 25.414 24.901 27.443 25.447 24.415 23.710 22.938 23.125 23.155 23.454 
3.665 31.883 30.572 28.176 26.356 25.490 24.989 27.645 25.515 24.464 23.772 22.959 23.033 23.029 23.448 
3.882 36.569 30.570 28.545 26.402 25.663 25.148 27.813 25.673 24.545 23.764 22.920 22.995 23.051 23.433 
4.112 34.337 30.722 28.764 26.525 25.717 25.180 27.903 25.736 24.599 23.797 22.902 22.970 23.037 23.421 
4.356 36.298 30.968 28.800 26.679 25.764 25.161 28.082 25.773 24.601 23.818 22.866 22.907 23.011 23.395 
4.614 39.379 31.269 29.257 26.621 25.766 25.197 28.113 25.772 24.644 23.806 22.812 22.805 22.945 23.338 
4.888 42.272 31.062 29.154 26.747 25.941 25.292 28.129 25.928 24.667 23.830 22.825 22.818 22.923 23.362 
5.178 52.332 31.530 29.428 26.874 26.018 25.357 28.463 25.991 24.683 23.813 22.812 22.803 22.945 23.346 
5.485 39.375 31.776 29.690 27.040 26.203 25.479 28.701 26.156 24.748 23.882 22.819 22.787 22.949 23.362 
5.810 nan 32.665 30.042 27.251 26.500 25.764 28.947 26.454 24.896 23.975 22.840 22.817 22.987 23.411 
6.155 57.196 32.753 30.487 27.656 26.837 25.830 29.471 26.682 25.007 24.088 22.886 22.825 23.009 23.458 
6.520 nan 33.021 31.591 28.120 27.237 26.219 30.087 27.104 25.212 24.237 22.959 22.876 23.114 23.546 
6.906 nan 34.515 32.104 28.746 27.653 26.507 30.776 27.490 25.440 24.441 23.100 22.925 23.175 23.660 
7.316 79.442 35.569 32.481 29.327 28.215 26.842 31.341 27.965 25.786 24.609 23.215 22.989 23.275 23.780 
7.750 86.115 37.981 34.659 30.056 28.762 27.255 31.858 28.457 26.104 24.825 23.328 23.032 23.341 23.882 
8.210 71.527 42.269 35.071 30.430 29.357 27.485 32.531 28.822 26.345 24.945 23.431 23.082 23.439 23.970 
8.696 nan 38.108 35.304 31.009 29.412 27.871 33.131 29.057 26.598 25.054 23.503 23.119 23.470 24.034 
9.212 80.485 38.351 34.708 31.194 29.958 28.020 33.022 29.290 26.819 25.245 23.621 23.204 23.585 24.142 
9.759 91.328 52.388 37.485 32.051 29.852 28.553 34.229 29.715 27.107 25.389 23.749 23.299 23.690 24.260 
10.337 93.457 44.563 34.753 32.670 30.391 28.871 34.638 30.103 27.385 25.510 23.878 23.428 23.816 24.386 
10.950 nan 44.363 39.114 33.766 30.782 29.141 36.974 30.497 27.471 25.648 24.034 23.576 23.921 24.531 
11.600 96.320 50.179 40.504 33.142 31.418 29.518 35.368 30.770 27.790 25.873 24.180 23.728 24.083 24.691 
12.288 96.466 55.000 44.349 33.718 32.279 29.928 35.718 31.441 28.018 25.966 24.366 23.918 24.197 24.870 
13.016 nan 56.076 43.276 34.785 32.800 30.737 38.510 32.276 28.215 26.155 24.591 24.084 24.301 25.057 
13.788 99.275 44.946 44.320 35.927 32.889 30.726 37.703 32.256 28.341 26.188 24.783 24.267 24.379 25.219 
14.606 99.876 52.563 40.649 34.173 32.427 30.895 37.112 32.063 28.355 26.270 25.005 24.507 24.512 25.425 
15.472 104.286 49.490 36.992 33.649 30.673 30.056 35.511 30.869 28.225 26.237 25.164 24.789 24.606 25.601 
16.390 102.505 44.415 38.101 33.119 30.385 29.553 35.486 30.432 28.045 26.231 25.322 25.087 24.660 25.770 
17.362 nan 45.951 36.984 32.970 30.380 29.678 35.246 30.497 28.128 26.295 25.469 25.342 24.807 25.927 
18.392 78.699 nan 35.384 33.337 30.494 29.896 35.072 30.668 28.280 26.364 25.594 25.513 24.862 26.047 
19.482 nan 52.083 36.369 33.385 30.923 30.086 35.893 30.983 28.563 26.529 25.722 25.727 24.987 26.209 
20.638 109.964 59.827 39.360 34.432 31.032 30.564 37.388 31.241 28.762 26.647 25.841 25.893 25.115 26.332 
21.862 110.323 nan 39.210 35.317 32.097 30.952 37.458 32.138 29.104 26.899 25.975 26.106 25.242 26.503 
23.158 110.969 91.848 39.642 36.330 32.159 31.245 40.111 32.167 29.434 27.130 26.157 26.301 25.336 26.695 
24.532 112.135 nan 39.827 36.957 33.175 31.795 39.638 32.957 29.712 27.355 26.304 26.392 25.472 26.838 
25.987 115.252 nan nan 36.349 33.289 32.467 37.740 33.502 30.260 27.652 26.518 26.610 25.687 27.073 
27.528 113.839 95.162 nan 41.411 34.200 32.331 42.625 33.629 30.487 27.958 26.771 26.925 25.973 27.355 
29.160 115.019 95.262 nan 39.737 35.544 32.547 41.320 34.326 30.996 28.322 27.161 27.335 26.258 27.752 
30.890 inf inf inf inf inf inf inf inf inf inf inf inf inf inf 
