# t[days] lsstu lsstg lsstr lssti lsstz lssty f062 f087 f106 f129 f158 f184 f213 f146 
0.103 22.478 23.402 26.221 24.008 23.032 27.097 24.448 23.601 28.095 29.659 32.758 32.284 40.486 29.228 
0.109 21.177 21.498 20.677 21.956 21.677 23.242 20.903 22.264 24.562 22.999 22.944 31.918 30.973 23.915 
0.116 20.220 20.540 21.683 22.952 23.295 21.126 21.485 21.938 21.278 22.528 27.879 30.598 31.175 22.499 
0.122 20.131 19.887 19.811 19.693 19.782 22.265 20.086 19.712 22.817 23.380 22.982 23.700 24.631 23.009 
0.130 19.479 20.612 20.546 21.903 21.788 19.879 20.813 20.787 20.820 24.681 25.892 29.457 28.891 22.046 
0.137 19.828 20.372 20.379 21.574 21.855 20.011 20.526 21.069 20.911 21.620 21.265 20.722 22.208 20.991 
0.145 19.692 20.364 20.372 20.251 21.758 20.970 20.530 20.704 21.457 20.641 22.577 23.356 21.532 21.323 
0.154 19.899 19.844 20.264 20.663 20.971 22.605 20.275 21.120 21.692 20.810 22.482 21.785 25.208 21.447 
0.163 19.462 19.953 19.642 19.999 20.722 20.818 19.701 20.669 20.166 20.431 20.524 24.023 23.265 20.698 
0.173 19.489 19.684 20.436 20.130 21.894 22.705 20.029 21.727 22.104 20.426 20.063 23.495 24.678 21.050 
0.183 19.830 20.388 20.252 21.429 21.252 21.364 20.471 21.319 21.285 22.587 22.861 23.651 24.188 22.104 
0.194 19.956 20.262 20.439 20.921 20.139 21.634 20.560 20.607 21.649 22.252 22.144 21.510 23.458 21.843 
0.206 19.925 19.885 20.344 20.490 20.565 20.304 20.319 20.321 21.100 22.088 23.559 22.917 22.619 21.892 
0.218 19.850 19.981 20.884 20.644 20.746 20.460 20.599 20.744 20.617 22.737 22.029 23.639 24.396 21.517 
0.231 19.943 20.396 20.447 20.823 20.272 21.518 20.446 20.752 21.631 21.790 22.683 22.737 21.054 22.031 
0.244 20.100 20.194 20.395 20.672 21.043 20.452 20.504 20.763 20.277 20.783 22.471 22.120 20.695 21.157 
0.259 20.118 20.268 20.647 20.913 20.889 19.773 20.640 20.480 20.312 21.414 22.047 22.105 21.039 21.054 
0.274 20.234 20.335 20.542 20.758 21.204 21.124 20.644 21.038 20.830 21.033 21.655 23.227 22.546 21.310 
0.290 19.971 20.428 20.674 20.557 20.710 20.806 20.627 20.682 21.231 21.437 22.550 23.327 23.087 21.746 
0.308 20.130 20.249 20.622 20.628 21.365 21.470 20.531 21.297 21.756 21.904 22.096 23.000 22.767 22.120 
0.326 20.310 20.503 21.038 21.089 21.446 22.083 20.899 21.546 21.751 21.551 22.072 22.456 22.754 21.924 
0.345 20.275 20.598 20.898 21.270 21.106 22.060 20.975 21.323 21.915 22.378 21.564 21.705 21.907 21.819 
0.366 20.378 20.530 20.677 21.153 20.611 22.346 20.701 21.038 21.977 21.863 22.325 22.420 22.192 22.089 
0.387 20.297 20.690 20.983 20.891 20.938 21.394 20.871 21.083 21.481 21.912 22.033 22.484 22.388 21.872 
0.410 20.456 20.588 21.021 20.982 21.322 21.373 20.948 21.225 21.565 21.746 22.027 21.309 23.059 21.640 
0.435 20.488 20.679 20.986 21.324 21.545 21.665 20.987 21.535 21.517 21.681 21.517 22.122 22.711 21.670 
0.461 20.514 20.657 21.016 21.330 21.590 21.608 20.978 21.625 21.703 21.978 21.633 21.674 21.597 21.821 
0.488 20.552 20.684 21.223 21.277 21.453 21.464 21.081 21.444 21.390 21.287 21.523 21.913 21.787 21.543 
0.517 20.649 20.748 20.828 20.895 21.499 21.248 20.840 21.238 21.480 21.681 22.150 22.541 22.436 21.831 
0.547 20.779 20.927 21.059 21.221 21.152 21.182 21.018 21.303 21.363 21.380 21.940 21.949 21.997 21.584 
0.580 20.906 20.978 21.265 21.309 21.527 21.591 21.250 21.459 21.595 21.628 22.037 21.717 21.721 21.714 
0.614 20.883 20.933 21.145 21.359 21.312 21.486 21.161 21.343 21.431 21.817 21.837 21.770 22.119 21.673 
0.651 20.938 20.908 21.079 21.161 21.188 21.275 21.088 21.155 21.469 21.486 21.884 21.649 22.018 21.614 
0.689 21.002 20.972 21.152 21.049 21.405 21.383 21.063 21.328 21.607 21.658 21.731 21.598 21.938 21.662 
0.730 21.069 20.981 21.146 21.002 21.035 21.365 21.055 21.102 21.384 21.563 21.610 21.649 21.769 21.507 
0.773 21.176 21.048 21.018 20.985 21.246 21.309 20.994 21.227 21.392 21.445 21.479 21.453 21.464 21.449 
0.819 21.132 21.033 21.106 21.148 21.196 21.258 21.087 21.178 21.380 21.273 21.610 21.476 21.467 21.408 
0.868 21.270 21.180 21.246 21.218 21.137 21.520 21.190 21.287 21.502 21.410 21.630 21.664 21.743 21.548 
0.919 21.444 21.216 21.215 21.229 21.155 21.246 21.205 21.204 21.298 21.421 21.520 21.587 21.496 21.431 
0.974 21.482 21.265 21.238 21.264 21.246 21.352 21.246 21.257 21.428 21.470 21.434 21.584 21.699 21.477 
1.032 21.679 21.351 21.309 21.167 21.334 21.291 21.249 21.272 21.362 21.358 21.467 21.683 21.720 21.460 
1.093 21.867 21.490 21.387 21.211 21.338 21.264 21.367 21.255 21.350 21.359 21.470 21.398 21.543 21.398 
1.158 22.082 21.613 21.402 21.338 21.256 21.401 21.430 21.295 21.419 21.321 21.398 21.584 21.894 21.407 
1.226 22.133 21.708 21.450 21.279 21.296 21.369 21.455 21.284 21.367 21.263 21.417 21.537 21.553 21.371 
1.299 22.244 21.739 21.501 21.329 21.302 21.362 21.504 21.291 21.368 21.329 21.504 21.540 21.658 21.434 
1.376 22.453 21.807 21.496 21.252 21.258 21.312 21.465 21.265 21.329 21.255 21.460 21.439 21.452 21.371 
1.458 22.760 21.920 21.549 21.331 21.351 21.248 21.533 21.322 21.275 21.245 21.394 21.523 21.623 21.334 
1.544 22.984 22.001 21.534 21.395 21.301 21.264 21.552 21.294 21.255 21.213 21.384 21.458 21.659 21.318 
1.636 23.221 22.150 21.631 21.399 21.306 21.245 21.653 21.292 21.232 21.198 21.378 21.381 21.499 21.297 
1.733 23.440 22.211 21.718 21.377 21.404 21.303 21.701 21.342 21.256 21.234 21.310 21.333 21.520 21.292 
1.836 23.724 22.387 21.815 21.456 21.470 21.368 21.799 21.422 21.302 21.240 21.283 21.328 21.483 21.289 
1.944 24.049 22.573 21.974 21.644 21.491 21.342 21.980 21.465 21.320 21.253 21.408 21.438 21.506 21.342 
2.060 24.368 22.669 22.134 21.687 21.588 21.427 22.085 21.546 21.399 21.284 21.359 21.406 21.509 21.364 
2.182 24.701 22.805 22.142 21.762 21.701 21.492 22.141 21.627 21.426 21.328 21.376 21.460 21.492 21.397 
2.311 24.992 22.933 22.226 21.880 21.739 21.489 22.227 21.693 21.447 21.295 21.416 21.534 21.471 21.423 
2.448 25.395 23.103 22.307 21.929 21.840 21.553 22.324 21.749 21.509 21.335 21.454 21.515 21.585 21.456 
2.594 25.644 23.207 22.428 21.966 21.860 21.593 22.399 21.805 21.522 21.359 21.447 21.463 21.489 21.449 
2.747 25.959 23.383 22.531 22.035 21.863 21.557 22.515 21.787 21.495 21.351 21.421 21.518 21.538 21.440 
2.910 26.240 23.524 22.583 22.147 21.908 21.605 22.597 21.866 21.533 21.377 21.444 21.540 21.545 21.469 
3.083 26.629 23.754 22.745 22.252 21.992 21.633 22.753 21.926 21.568 21.424 21.489 21.540 21.479 21.504 
3.266 27.387 23.916 22.819 22.278 22.040 21.662 22.817 21.967 21.603 21.442 21.428 21.537 21.481 21.506 
3.459 28.000 24.291 22.927 22.405 22.104 21.716 22.964 22.035 21.615 21.460 21.485 21.595 21.443 21.537 
3.665 28.395 24.718 23.161 22.500 22.126 21.705 23.168 22.065 21.653 21.465 21.453 21.510 21.383 21.521 
3.882 29.059 25.066 23.347 22.618 22.212 21.735 23.343 22.143 21.685 21.489 21.442 21.582 21.479 21.540 
4.112 29.607 25.345 23.582 22.802 22.317 21.798 23.547 22.255 21.716 21.536 21.475 21.636 21.476 21.584 
4.356 29.626 25.603 23.762 22.947 22.374 21.810 23.686 22.322 21.758 21.580 21.468 21.595 21.452 21.596 
4.614 30.610 25.826 24.001 23.027 22.506 21.948 23.836 22.447 21.883 21.620 21.473 21.638 21.472 21.646 
4.888 31.746 25.950 24.172 23.156 22.573 22.016 23.979 22.544 21.940 21.714 21.515 21.636 21.484 21.694 
5.178 31.808 26.030 24.461 23.241 22.700 22.082 24.139 22.646 22.009 21.741 21.500 21.629 21.471 21.711 
5.485 32.152 26.299 24.667 23.362 22.777 22.201 24.300 22.750 22.129 21.814 21.542 21.630 21.479 21.766 
5.810 31.875 26.543 24.854 23.442 22.923 22.262 24.416 22.863 22.187 21.856 21.522 21.614 21.488 21.779 
6.155 33.275 26.795 25.071 23.603 23.030 22.399 24.612 22.982 22.295 21.935 21.529 21.618 21.507 21.822 
6.520 31.794 26.925 25.323 23.801 23.237 22.529 24.808 23.179 22.422 22.029 21.579 21.648 21.529 21.893 
6.906 33.343 27.243 25.677 24.052 23.406 22.768 25.072 23.399 22.604 22.160 21.642 21.646 21.543 21.977 
7.316 36.573 27.725 26.109 24.363 23.637 22.925 25.420 23.604 22.751 22.238 21.677 21.688 21.586 22.041 
7.750 40.636 28.260 26.474 24.620 23.856 23.155 25.718 23.845 22.862 22.347 21.699 21.648 21.607 22.077 
8.210 43.180 29.061 27.068 25.021 24.103 23.306 26.225 24.063 23.015 22.485 21.771 21.698 21.651 22.163 
8.696 43.994 29.415 27.679 25.464 24.440 23.547 26.672 24.384 23.209 22.638 21.829 21.691 21.658 22.235 
9.212 53.282 29.979 28.259 26.061 24.731 23.840 27.328 24.692 23.396 22.808 21.893 21.711 21.718 22.315 
9.759 44.191 31.143 29.156 26.578 25.166 24.205 27.924 25.103 23.676 22.982 21.980 21.776 21.769 22.429 
10.337 55.261 31.555 29.331 26.953 25.517 24.488 28.257 25.433 23.916 23.178 22.053 21.798 21.842 22.516 
10.950 69.920 32.853 29.693 27.498 26.040 24.792 28.786 25.855 24.126 23.335 22.142 21.848 21.911 22.605 
11.600 61.044 33.042 30.708 27.799 26.379 25.055 29.233 26.127 24.341 23.515 22.252 21.927 21.975 22.717 
12.288 nan 34.212 31.337 28.209 26.808 25.340 29.610 26.542 24.599 23.685 22.364 22.027 22.063 22.843 
13.016 62.675 34.235 31.338 28.907 27.216 25.566 30.225 26.864 24.759 23.863 22.524 22.162 22.154 22.990 
13.788 80.770 36.597 33.409 29.349 27.715 25.957 30.962 27.276 25.116 24.036 22.647 22.289 22.320 23.136 
14.606 nan 35.582 32.889 29.950 28.171 26.439 31.647 27.746 25.422 24.220 22.812 22.435 22.452 23.303 
15.472 69.526 40.185 35.138 30.498 28.671 26.771 32.240 28.197 25.682 24.430 23.013 22.613 22.612 23.495 
16.390 nan 36.812 34.975 30.925 28.818 27.104 32.745 28.443 26.004 24.685 23.207 22.777 22.773 23.690 
17.362 nan 43.870 37.730 30.800 29.198 27.463 32.658 28.784 26.306 24.837 23.409 22.995 22.990 23.889 
18.392 nan 37.490 35.715 31.929 29.629 27.807 34.260 29.241 26.598 25.088 23.585 23.189 23.202 24.082 
19.482 96.912 45.258 35.864 32.093 30.150 28.317 34.820 29.737 26.846 25.347 23.890 23.465 23.378 24.359 
20.638 nan 52.909 37.237 32.375 30.142 28.727 34.040 29.955 27.153 25.535 24.181 23.832 23.614 24.673 
21.862 99.519 50.600 39.347 33.145 30.331 29.138 35.864 30.159 27.430 25.739 24.460 24.083 23.828 24.919 
23.158 101.391 41.437 40.117 33.560 30.791 29.678 35.397 30.858 27.637 25.823 24.720 24.383 24.052 25.163 
24.532 nan 57.047 36.135 33.431 30.367 29.664 35.455 30.446 27.960 25.954 25.011 24.757 24.276 25.448 
25.987 106.315 65.668 42.324 34.046 31.298 30.411 36.466 31.455 28.190 26.165 25.278 25.183 24.423 25.743 
27.528 nan nan 42.965 34.363 31.770 30.459 38.433 31.634 28.545 26.358 25.419 25.413 24.541 25.917 
29.160 105.812 85.704 45.184 35.856 32.728 31.116 39.273 32.549 28.957 26.642 25.628 25.576 24.702 26.121 
30.890 inf inf inf inf inf inf inf inf inf inf inf inf inf inf 
