# t[days] lsstu lsstg lsstr lssti lsstz lssty f062 f087 f106 f129 f158 f184 f213 f146 
0.103 26.298 25.562 27.209 28.780 28.728 30.532 26.685 28.740 29.696 29.144 29.321 34.743 33.273 29.730 
0.109 21.765 22.108 23.641 25.254 26.874 28.247 23.438 26.923 26.772 28.796 26.790 26.364 28.743 27.135 
0.116 21.569 21.743 21.776 25.885 21.988 23.424 21.942 22.590 24.283 23.238 26.417 27.974 31.918 24.082 
0.122 21.105 21.354 21.140 21.949 25.904 23.911 21.342 23.113 23.299 21.253 25.068 26.446 27.909 22.340 
0.130 20.502 21.199 21.075 23.160 22.789 25.600 21.370 23.033 22.238 25.126 27.966 29.797 29.366 23.463 
0.137 20.869 21.036 21.011 23.118 21.762 23.407 21.236 22.278 22.578 25.103 26.884 24.847 29.121 23.677 
0.145 20.347 21.112 21.336 21.915 23.702 23.896 21.471 22.623 24.364 22.624 24.334 24.974 25.601 23.488 
0.154 20.336 21.009 21.295 21.993 23.271 23.634 21.355 23.065 24.245 22.659 24.019 27.755 28.896 23.605 
0.163 20.410 20.954 21.801 21.587 22.827 23.915 21.679 22.326 23.123 21.746 23.007 24.356 24.622 22.579 
0.173 20.459 21.141 21.993 21.592 22.646 23.062 21.630 22.586 23.401 24.004 25.662 25.096 22.563 24.160 
0.183 20.313 20.645 21.284 22.205 21.616 22.561 21.201 22.107 22.357 23.140 24.542 24.915 23.414 23.111 
0.194 20.544 21.054 21.300 21.694 22.113 23.290 21.385 22.094 22.841 23.228 23.301 23.779 27.349 23.153 
0.206 20.470 21.055 21.775 23.109 22.428 23.114 21.846 22.722 23.411 22.968 23.039 24.286 28.669 23.441 
0.218 20.567 21.056 21.865 21.856 22.484 21.577 21.635 22.081 22.330 23.271 22.440 24.752 24.262 22.661 
0.231 20.660 21.108 21.622 22.076 22.044 21.806 21.560 22.139 22.753 23.699 24.630 24.322 24.000 23.502 
0.244 20.529 21.149 21.700 22.230 22.349 23.239 21.830 22.351 23.499 23.166 23.264 25.269 26.047 23.436 
0.259 20.749 21.376 21.812 22.297 21.913 23.110 21.826 22.282 22.399 22.399 22.763 23.395 24.166 22.688 
0.274 20.573 21.298 21.716 22.152 22.192 22.803 21.724 22.376 22.768 22.692 23.151 23.980 24.174 23.018 
0.290 20.636 21.272 21.692 22.585 22.334 23.027 21.814 22.522 22.806 23.446 23.916 24.192 24.422 23.385 
0.308 20.688 21.304 21.871 22.248 22.479 21.938 21.833 22.246 22.160 22.729 23.181 24.838 23.966 22.823 
0.326 20.806 21.318 21.982 22.262 21.967 22.828 21.900 22.256 22.804 23.028 23.392 23.218 24.572 23.029 
0.345 20.821 21.237 21.863 21.968 22.241 22.467 21.770 22.125 22.690 22.954 23.152 23.429 23.810 23.009 
0.366 20.951 21.400 21.913 22.203 22.232 22.772 21.878 22.335 22.847 22.984 23.114 23.965 24.688 23.095 
0.387 21.005 21.445 21.745 22.000 22.130 22.333 21.750 22.100 22.481 22.444 22.704 23.225 23.797 22.639 
0.410 21.059 21.537 21.833 22.221 21.835 22.301 21.872 22.067 22.478 22.604 23.219 23.725 24.266 22.844 
0.435 21.033 21.483 21.755 21.918 22.251 22.446 21.794 22.192 22.627 22.795 22.452 22.775 23.921 22.641 
0.461 21.142 21.422 21.727 21.837 22.265 22.231 21.682 22.178 22.291 22.430 22.615 22.888 23.230 22.499 
0.488 21.165 21.427 21.673 21.822 21.970 22.273 21.661 21.972 22.323 22.201 22.723 23.194 23.573 22.526 
0.517 21.199 21.540 21.569 21.832 22.024 22.040 21.622 22.005 22.108 22.156 22.813 23.361 23.123 22.425 
0.547 21.264 21.536 21.460 21.894 21.919 22.055 21.576 21.963 22.063 22.305 22.539 23.346 23.369 22.387 
0.580 21.421 21.571 21.587 21.611 21.873 21.699 21.602 21.716 21.821 22.006 22.380 22.901 23.063 22.133 
0.614 21.596 21.622 21.595 21.701 21.729 21.784 21.627 21.742 21.863 22.152 22.402 22.677 23.099 22.189 
0.651 21.866 21.627 21.545 21.553 21.705 21.738 21.532 21.674 21.723 21.934 22.318 22.562 22.891 22.043 
0.689 22.066 21.734 21.605 21.561 21.668 21.719 21.586 21.682 21.779 21.944 22.219 22.516 22.726 22.047 
0.730 22.185 21.906 21.639 21.667 21.661 21.751 21.681 21.706 21.783 21.942 22.244 22.352 22.843 22.024 
0.773 22.561 22.076 21.783 21.721 21.623 21.853 21.813 21.691 21.823 21.836 22.106 22.401 22.697 21.995 
0.819 22.726 22.203 21.900 21.733 21.661 21.759 21.895 21.692 21.802 21.810 22.025 22.327 22.562 21.946 
0.868 22.983 22.362 22.050 21.904 21.827 21.804 22.075 21.801 21.886 21.947 22.058 22.199 22.271 21.995 
0.919 23.145 22.509 22.163 21.964 21.916 21.884 22.166 21.889 21.918 21.906 22.027 22.208 22.423 21.985 
0.974 23.375 22.677 22.224 22.076 21.898 21.967 22.253 21.928 22.049 21.937 22.040 22.189 22.468 22.047 
1.032 23.692 22.865 22.415 22.196 22.053 22.071 22.415 22.075 22.130 22.031 22.030 22.202 22.394 22.098 
1.093 23.868 23.064 22.617 22.363 22.191 22.111 22.612 22.179 22.219 22.104 22.089 22.267 22.497 22.170 
1.158 24.238 23.278 22.756 22.424 22.306 22.258 22.742 22.307 22.320 22.223 22.161 22.231 22.469 22.241 
1.226 24.340 23.381 22.867 22.550 22.403 22.348 22.868 22.387 22.375 22.292 22.282 22.405 22.545 22.343 
1.299 24.744 23.572 23.028 22.738 22.588 22.434 23.034 22.571 22.499 22.341 22.289 22.328 22.572 22.365 
1.376 25.062 23.804 23.114 22.802 22.635 22.520 23.140 22.616 22.584 22.475 22.369 22.504 22.576 22.479 
1.458 25.369 23.850 23.224 22.864 22.659 22.667 23.227 22.673 22.654 22.464 22.382 22.395 22.703 22.479 
1.544 25.456 24.009 23.318 22.938 22.705 22.668 23.299 22.735 22.667 22.501 22.390 22.555 22.624 22.526 
1.636 25.844 24.149 23.446 23.022 22.841 22.793 23.434 22.840 22.796 22.515 22.454 22.540 22.672 22.575 
1.733 26.298 24.328 23.486 23.207 22.969 22.834 23.548 22.945 22.797 22.579 22.513 22.629 22.702 22.631 
1.836 26.929 24.488 23.704 23.295 23.002 22.970 23.711 23.029 22.912 22.622 22.545 22.745 22.716 22.706 
1.944 27.480 24.812 23.872 23.431 23.098 23.007 23.877 23.131 22.972 22.739 22.668 22.813 22.747 22.797 
2.060 28.154 25.080 24.052 23.616 23.237 23.197 24.082 23.276 23.120 22.806 22.668 22.806 22.907 22.850 
2.182 28.686 25.403 24.268 23.790 23.372 23.211 24.294 23.381 23.145 22.848 22.773 22.875 22.927 22.910 
2.311 29.316 25.796 24.519 23.958 23.486 23.328 24.527 23.522 23.257 22.972 22.803 22.989 22.992 23.000 
2.448 30.113 26.294 24.814 24.153 23.570 23.415 24.808 23.626 23.277 23.027 22.873 23.055 23.009 23.052 
2.594 30.569 26.630 25.080 24.303 23.775 23.561 25.044 23.797 23.400 23.047 22.888 23.080 23.090 23.092 
2.747 29.711 26.955 25.390 24.485 23.873 23.618 25.289 23.906 23.454 23.119 22.956 23.196 23.098 23.169 
2.910 32.615 27.269 25.664 24.695 24.068 23.751 25.514 24.101 23.523 23.231 22.987 23.189 23.133 23.227 
3.083 33.008 27.475 25.918 24.748 24.099 23.803 25.663 24.161 23.547 23.267 22.971 23.191 23.200 23.236 
3.266 32.018 27.776 26.064 24.850 24.255 23.797 25.787 24.273 23.565 23.339 22.962 23.229 23.164 23.261 
3.459 32.311 27.889 26.274 24.849 24.276 23.796 25.875 24.283 23.543 23.391 22.951 23.112 23.150 23.242 
3.665 33.638 28.085 26.482 24.914 24.306 23.860 26.027 24.314 23.575 23.395 22.911 23.089 23.092 23.227 
3.882 32.457 28.041 26.379 24.976 24.398 23.850 26.041 24.360 23.592 23.432 22.911 23.070 23.112 23.238 
4.112 34.986 28.160 26.546 24.988 24.439 23.928 26.111 24.424 23.635 23.445 22.918 23.037 23.074 23.238 
4.356 35.295 28.354 26.688 25.008 24.436 23.902 26.171 24.410 23.607 23.444 22.909 22.990 23.060 23.225 
4.614 35.908 28.435 26.691 25.053 24.482 23.943 26.199 24.449 23.609 23.444 22.877 22.957 22.992 23.205 
4.888 36.871 28.824 26.864 25.169 24.573 24.050 26.384 24.550 23.647 23.471 22.857 22.911 22.995 23.205 
5.178 37.638 29.145 27.168 25.368 24.800 24.235 26.628 24.759 23.771 23.522 22.893 22.943 23.013 23.257 
5.485 38.838 29.533 27.552 25.622 25.054 24.400 26.955 24.961 23.908 23.614 22.942 22.933 23.004 23.314 
5.810 38.349 30.054 28.002 26.023 25.300 24.591 27.433 25.198 24.083 23.742 22.998 22.958 23.075 23.397 
6.155 51.124 30.977 28.468 26.454 25.603 24.916 27.871 25.535 24.292 23.903 23.096 23.000 23.119 23.505 
6.520 43.279 31.497 29.256 26.987 26.025 25.318 28.676 25.951 24.523 24.098 23.202 23.083 23.190 23.637 
6.906 56.519 32.687 29.869 27.555 26.482 25.706 29.332 26.396 24.789 24.289 23.335 23.134 23.290 23.768 
7.316 66.085 34.461 31.020 28.150 27.061 26.081 30.124 26.866 25.023 24.500 23.461 23.207 23.351 23.895 
7.750 63.159 35.372 31.601 28.581 27.455 26.443 30.618 27.275 25.244 24.603 23.540 23.253 23.427 23.980 
8.210 73.190 34.752 31.636 28.970 27.832 26.767 31.020 27.608 25.510 24.760 23.643 23.322 23.513 24.096 
8.696 63.931 35.995 32.504 29.145 28.123 26.848 31.292 27.793 25.631 24.853 23.706 23.363 23.558 24.156 
9.212 65.534 37.235 33.481 29.694 28.319 27.117 31.927 28.062 25.847 24.953 23.824 23.469 23.678 24.274 
9.759 53.542 36.714 33.615 29.736 28.731 27.322 32.172 28.345 25.996 25.132 23.971 23.581 23.804 24.411 
10.337 69.863 36.358 33.583 30.267 29.143 27.494 32.554 28.606 26.234 25.297 24.141 23.746 23.974 24.582 
10.950 nan 36.397 33.877 30.605 29.556 27.793 32.729 28.930 26.458 25.495 24.306 23.867 24.092 24.734 
11.600 68.620 35.666 34.778 30.996 30.005 28.218 33.369 29.414 26.889 25.793 24.507 24.069 24.288 24.961 
12.288 71.405 38.876 35.563 31.730 30.378 28.476 34.274 29.674 27.200 26.030 24.748 24.270 24.453 25.179 
13.016 nan 41.467 37.327 32.076 30.497 29.022 34.900 30.039 27.560 26.258 24.963 24.464 24.599 25.394 
13.788 nan 36.458 35.433 32.285 30.709 28.976 34.654 30.110 27.779 26.382 25.192 24.677 24.712 25.591 
14.606 nan 46.939 36.343 32.695 30.685 29.291 35.007 30.328 28.038 26.551 25.412 24.953 24.877 25.823 
15.472 nan 44.724 36.209 32.897 30.254 29.458 35.283 30.235 28.221 26.603 25.588 25.246 25.028 26.023 
16.390 101.129 41.020 35.688 32.976 30.400 29.517 34.896 30.367 28.403 26.715 25.753 25.609 25.167 26.246 
17.362 93.674 44.251 36.120 33.516 30.739 29.711 35.386 30.689 28.640 26.814 25.909 25.823 25.351 26.410 
18.392 104.638 59.254 36.024 33.819 31.071 30.395 35.600 31.140 28.963 26.919 26.023 26.034 25.426 26.557 
19.482 104.616 nan 36.783 34.864 31.611 30.734 36.834 31.654 29.364 27.115 26.160 26.233 25.556 26.718 
20.638 106.376 nan 42.021 35.751 31.845 30.934 38.710 31.800 29.568 27.266 26.273 26.369 25.705 26.841 
21.862 nan 79.840 40.028 36.373 32.611 31.803 38.680 32.778 29.997 27.504 26.400 26.585 25.856 27.018 
23.158 110.424 nan 40.409 38.395 33.156 31.770 40.850 33.027 30.246 27.730 26.576 26.754 25.947 27.197 
24.532 nan 91.673 40.036 37.016 34.313 32.606 39.513 33.729 30.633 27.997 26.759 26.892 26.093 27.382 
25.987 nan nan nan 37.636 34.777 33.275 40.767 34.483 31.144 28.313 26.937 27.074 26.297 27.589 
27.528 nan nan 66.122 37.859 35.215 32.858 41.023 34.413 31.268 28.630 27.199 27.406 26.610 27.870 
29.160 nan nan nan 45.100 36.701 33.452 48.239 35.112 31.861 29.014 27.576 27.813 26.888 28.267 
30.890 inf inf inf inf inf inf inf inf inf inf inf inf inf inf 
