# t[days] lsstu lsstg lsstr lssti lsstz lssty f062 f087 f106 f129 f158 f184 f213 f146 
0.103 21.390 21.946 23.873 22.857 22.065 24.222 23.024 22.452 25.200 23.846 28.191 25.693 27.284 24.693 
0.109 18.723 18.871 19.709 20.376 19.420 18.695 19.599 19.534 19.217 22.117 20.980 20.948 21.390 20.170 
0.116 18.913 18.325 18.794 19.172 20.833 18.702 18.617 19.628 19.101 21.773 21.181 19.305 25.351 19.712 
0.122 18.509 18.306 19.036 19.899 19.263 18.765 19.011 19.028 18.853 19.522 21.812 25.637 26.408 19.838 
0.130 18.221 18.670 18.318 18.346 18.731 20.680 18.512 18.666 19.766 20.688 20.639 21.870 22.112 20.441 
0.137 18.684 18.415 18.674 19.100 18.039 20.153 18.709 18.549 20.017 19.678 21.791 22.275 22.815 20.444 
0.145 18.489 18.502 19.303 18.352 19.871 18.326 18.652 19.058 18.989 20.839 21.608 20.665 19.455 19.904 
0.154 18.965 18.837 18.648 18.670 19.188 19.632 18.876 18.934 19.952 20.058 20.058 21.279 23.985 20.118 
0.163 18.601 18.637 19.145 18.890 19.002 20.507 19.106 19.129 20.801 19.956 19.306 20.599 20.955 19.959 
0.173 18.728 18.913 19.520 18.680 18.600 19.311 18.932 18.840 19.363 19.503 19.530 19.814 20.380 19.467 
0.183 19.132 18.959 18.754 18.634 18.927 20.575 18.673 19.136 20.052 18.935 19.272 19.534 20.208 19.505 
0.194 18.894 19.150 18.963 19.529 18.835 19.678 19.226 19.123 19.911 19.288 19.307 19.996 20.988 19.753 
0.206 19.363 19.211 19.739 18.955 20.017 20.245 19.489 19.431 20.291 19.254 19.063 19.141 21.719 19.325 
0.218 19.257 19.026 19.185 19.605 19.662 19.900 19.241 19.546 19.929 19.748 20.366 20.191 19.873 19.999 
0.231 19.377 19.154 19.349 19.468 19.537 19.979 19.384 19.502 19.851 19.799 19.884 19.999 21.119 19.910 
0.244 19.253 19.327 19.767 20.046 20.167 20.017 19.715 20.090 20.035 20.023 20.411 20.091 20.174 20.118 
0.259 19.405 19.403 19.662 19.471 19.735 20.008 19.672 19.515 20.136 19.737 19.820 19.460 21.041 19.723 
0.274 19.292 19.748 19.996 19.786 20.222 20.047 19.879 20.153 19.941 19.493 19.747 19.957 20.145 19.762 
0.290 19.192 19.714 19.708 20.071 20.031 20.446 19.811 20.169 20.308 20.260 20.071 19.997 20.828 20.188 
0.308 19.731 19.859 19.962 20.019 20.290 20.939 19.925 20.350 20.394 20.398 20.498 19.824 19.506 20.278 
0.326 19.643 19.817 20.116 20.188 19.981 19.870 20.045 20.100 20.026 20.031 20.263 20.052 20.229 20.116 
0.345 19.771 19.819 19.904 19.743 20.118 19.808 19.865 19.855 20.097 20.388 20.100 20.180 20.532 20.158 
0.366 19.804 19.815 19.910 19.914 19.539 19.784 19.862 19.705 20.027 20.277 20.876 20.218 20.707 20.275 
0.387 19.857 19.602 19.704 19.850 19.736 19.771 19.662 19.886 19.525 20.005 20.454 20.249 20.457 19.936 
0.410 20.002 19.806 20.032 20.100 19.944 19.733 20.032 19.880 19.896 20.163 20.399 20.746 20.789 20.190 
0.435 20.167 19.990 20.243 19.913 19.955 19.766 20.085 19.953 19.826 20.400 20.828 20.350 20.645 20.284 
0.461 20.134 19.947 19.913 19.915 20.067 20.295 19.919 20.033 20.253 20.146 20.012 20.257 20.700 20.170 
0.488 20.212 20.018 20.085 20.051 20.419 20.084 20.060 20.245 20.076 20.153 20.292 20.120 20.480 20.154 
0.517 20.501 20.198 20.058 19.857 19.950 19.948 19.998 19.927 20.246 20.190 20.355 20.243 20.408 20.283 
0.547 20.404 20.308 20.103 20.095 20.150 20.001 20.104 20.138 20.119 19.924 20.261 20.222 20.508 20.114 
0.580 20.562 20.385 20.179 19.983 19.962 19.893 20.154 19.972 20.069 20.279 20.486 20.543 20.503 20.306 
0.614 20.661 20.320 20.085 19.965 20.119 20.250 20.085 20.121 20.152 19.945 20.038 20.331 20.562 20.110 
0.651 20.784 20.391 20.149 19.930 20.021 19.963 20.141 19.955 19.968 20.035 20.107 20.185 20.257 20.047 
0.689 20.908 20.431 20.217 20.044 20.108 20.210 20.173 20.147 20.237 20.149 20.382 20.159 20.329 20.220 
0.730 21.095 20.465 20.212 20.107 20.145 20.241 20.213 20.158 20.216 20.194 20.256 20.234 20.447 20.228 
0.773 21.387 20.555 20.289 19.992 20.012 20.079 20.252 20.003 20.111 20.012 20.242 20.212 20.215 20.132 
0.819 21.471 20.665 20.250 20.093 20.012 19.922 20.262 20.033 19.926 20.016 20.018 20.344 20.311 20.037 
0.868 21.878 20.808 20.323 20.079 20.033 20.064 20.318 20.056 20.025 19.983 19.981 20.041 20.329 20.000 
0.919 22.019 20.888 20.376 20.046 20.122 20.061 20.335 20.120 20.104 20.073 20.015 20.108 20.388 20.077 
0.974 22.293 21.030 20.551 20.196 20.019 20.160 20.512 20.119 20.109 19.983 20.005 20.068 20.308 20.051 
1.032 22.477 21.220 20.597 20.199 20.049 20.077 20.577 20.087 20.079 19.906 19.984 20.136 20.365 20.031 
1.093 22.690 21.339 20.735 20.325 20.144 20.082 20.692 20.180 20.079 19.987 20.115 20.128 20.241 20.079 
1.158 23.033 21.567 20.849 20.423 20.197 20.060 20.824 20.201 20.089 20.026 20.036 20.098 20.282 20.054 
1.226 23.307 21.654 20.930 20.447 20.257 20.233 20.892 20.286 20.222 20.026 20.188 20.169 20.314 20.140 
1.299 23.448 21.779 21.085 20.572 20.460 20.270 21.007 20.449 20.211 20.008 20.065 19.995 20.123 20.078 
1.376 23.811 21.947 21.147 20.631 20.430 20.169 21.084 20.403 20.206 20.039 20.118 20.012 20.215 20.101 
1.458 23.925 22.134 21.345 20.758 20.487 20.134 21.273 20.448 20.143 20.018 20.084 20.091 20.151 20.080 
1.544 24.209 22.109 21.347 20.708 20.634 20.297 21.256 20.538 20.215 20.020 20.094 20.175 20.188 20.123 
1.636 24.760 22.319 21.349 20.836 20.591 20.276 21.329 20.548 20.242 20.049 20.108 20.012 20.119 20.106 
1.733 24.852 22.448 21.479 20.870 20.627 20.299 21.432 20.572 20.260 20.045 20.088 20.090 20.201 20.117 
1.836 25.171 22.593 21.525 20.909 20.753 20.313 21.495 20.641 20.296 20.031 20.082 20.052 20.192 20.118 
1.944 25.676 22.903 21.705 21.046 20.766 20.428 21.654 20.721 20.375 20.074 20.096 20.058 20.102 20.155 
2.060 25.825 23.153 21.762 21.103 20.795 20.392 21.752 20.724 20.393 20.115 20.168 20.081 20.191 20.188 
2.182 26.688 23.332 21.932 21.237 20.907 20.473 21.876 20.852 20.452 20.109 20.125 20.064 20.037 20.189 
2.311 26.302 23.452 22.118 21.337 21.001 20.453 22.045 20.891 20.448 20.116 20.102 20.027 20.129 20.171 
2.448 26.601 23.712 22.299 21.471 21.080 20.464 22.226 20.957 20.515 20.182 20.127 20.086 20.071 20.226 
2.594 27.352 23.998 22.434 21.594 21.228 20.622 22.353 21.100 20.641 20.175 20.085 20.096 20.098 20.238 
2.747 27.332 24.319 22.648 21.731 21.297 20.645 22.536 21.162 20.659 20.202 20.089 20.107 20.052 20.254 
2.910 28.843 24.757 22.937 21.970 21.453 20.696 22.804 21.291 20.753 20.225 20.074 20.134 20.072 20.277 
3.083 28.945 25.173 23.285 22.214 21.595 20.818 23.095 21.452 20.851 20.265 20.097 20.133 20.083 20.316 
3.266 29.423 25.445 23.563 22.407 21.706 20.902 23.310 21.566 20.952 20.347 20.107 20.181 20.085 20.365 
3.459 30.015 25.892 23.753 22.603 22.009 21.003 23.501 21.781 21.049 20.364 20.079 20.140 20.119 20.367 
3.665 30.794 26.119 24.075 22.806 22.114 21.163 23.758 21.920 21.174 20.456 20.114 20.164 20.120 20.427 
3.882 30.425 26.619 24.400 23.066 22.348 21.289 23.960 22.135 21.336 20.580 20.154 20.199 20.121 20.507 
4.112 34.386 26.946 24.752 23.281 22.499 21.437 24.251 22.296 21.421 20.599 20.154 20.211 20.159 20.527 
4.356 33.496 27.266 25.135 23.539 22.808 21.631 24.560 22.554 21.598 20.717 20.212 20.203 20.176 20.595 
4.614 33.922 27.700 25.406 23.842 22.932 21.758 24.860 22.688 21.730 20.796 20.229 20.222 20.194 20.637 
4.888 37.188 28.108 26.005 24.083 23.128 21.916 25.205 22.852 21.853 20.901 20.258 20.227 20.218 20.690 
5.178 41.418 28.531 26.369 24.445 23.379 22.129 25.615 23.127 22.014 21.029 20.296 20.217 20.216 20.745 
5.485 43.980 29.817 27.035 24.918 23.641 22.399 26.131 23.423 22.225 21.160 20.343 20.260 20.294 20.824 
5.810 51.109 29.401 27.431 25.422 23.976 22.657 26.686 23.714 22.399 21.304 20.416 20.306 20.350 20.908 
6.155 nan 30.586 27.974 25.830 24.276 22.945 27.042 24.039 22.581 21.403 20.497 20.370 20.427 20.996 
6.520 45.769 31.590 29.047 26.458 24.549 23.262 27.860 24.376 22.782 21.539 20.571 20.422 20.525 21.083 
6.906 nan 31.286 29.158 26.670 24.861 23.433 28.126 24.593 22.925 21.670 20.678 20.497 20.605 21.187 
7.316 62.482 32.238 30.782 27.358 25.132 23.657 28.879 24.869 23.142 21.776 20.777 20.602 20.720 21.293 
7.750 82.149 36.260 30.468 27.391 25.535 24.007 29.012 25.245 23.310 21.897 20.864 20.724 20.812 21.401 
8.210 85.193 32.193 29.987 27.751 25.855 24.188 29.069 25.540 23.481 22.046 21.024 20.822 20.937 21.539 
8.696 86.402 31.706 31.143 28.141 26.287 24.496 29.886 25.858 23.737 22.174 21.173 20.989 21.102 21.696 
9.212 88.008 37.992 32.675 28.613 26.463 24.580 30.311 25.950 23.900 22.276 21.331 21.181 21.309 21.859 
9.759 nan nan 33.287 29.009 27.070 25.047 30.753 26.561 24.226 22.438 21.501 21.341 21.462 22.031 
10.337 nan 40.421 32.355 29.318 27.072 25.270 31.487 26.534 24.447 22.549 21.616 21.540 21.613 22.174 
10.950 nan 38.083 34.941 29.904 27.472 25.738 31.839 27.143 24.877 22.786 21.789 21.714 21.790 22.371 
11.600 nan 77.107 34.057 31.599 27.936 25.971 33.164 27.452 25.148 23.010 21.974 21.892 21.975 22.560 
12.288 95.167 70.702 35.907 30.570 28.261 26.411 32.241 27.725 25.437 23.178 22.150 22.135 22.197 22.772 
13.016 nan 82.084 41.112 30.844 29.082 27.042 33.035 28.358 25.955 23.452 22.424 22.429 22.392 23.060 
13.788 98.024 nan 46.648 31.218 29.194 27.528 35.711 28.854 26.284 23.796 22.704 22.707 22.674 23.363 
14.606 nan 66.398 36.890 34.064 30.309 28.100 37.061 29.568 26.610 24.155 23.085 23.067 22.966 23.721 
15.472 nan 86.006 41.350 33.554 29.967 28.588 35.680 29.748 27.024 24.511 23.476 23.472 23.361 24.123 
16.390 nan 85.181 nan 33.632 30.562 28.781 41.580 29.957 27.313 24.895 23.969 23.965 23.670 24.591 
17.362 103.400 86.328 55.349 35.324 30.929 29.040 38.800 30.790 27.466 25.220 24.458 24.319 24.052 25.002 
18.392 104.518 87.369 nan 35.831 31.549 29.683 36.734 31.194 28.358 25.532 24.999 24.927 24.455 25.514 
19.482 nan nan nan 32.348 31.537 29.355 nan 30.512 28.930 26.300 25.792 25.534 25.150 26.255 
20.638 106.973 nan 84.173 67.173 33.354 31.477 nan 33.456 30.341 27.356 26.858 26.707 26.153 27.356 
21.862 113.815 90.688 nan 72.993 74.132 36.433 nan 58.289 32.857 29.903 28.924 28.466 27.381 29.409 
23.158 nan 92.979 nan nan 74.874 75.088 80.519 nan 55.733 30.950 30.669 29.679 27.739 30.765 
24.532 nan 93.826 nan 76.092 76.855 73.287 nan 74.484 74.115 32.833 31.531 30.095 28.975 31.520 
25.987 116.645 95.119 nan 77.531 nan 75.315 nan 76.839 75.267 nan 36.940 29.587 28.864 31.163 
27.528 nan nan nan 78.255 77.370 77.249 nan 76.831 nan 68.805 32.716 31.230 30.002 32.516 
29.160 115.764 97.777 94.614 83.185 77.779 nan 86.396 78.463 nan nan nan 32.384 30.317 33.961 
30.890 inf inf inf inf inf inf inf inf inf inf inf inf inf inf 
