# t[days] lsstu lsstg lsstr lssti lsstz lssty f062 f087 f106 f129 f158 f184 f213 f146 
0.103 26.237 26.377 28.103 29.264 30.624 28.131 27.647 29.911 28.395 30.136 29.719 29.239 35.716 29.138 
0.109 22.815 23.222 23.488 24.968 23.813 25.646 23.539 24.391 25.884 26.530 29.525 31.754 28.476 26.969 
0.116 22.672 22.813 23.978 24.372 26.421 25.685 23.681 26.352 24.354 23.923 25.111 28.388 27.127 24.519 
0.122 22.418 22.942 23.628 23.571 23.365 24.866 23.460 23.654 23.777 24.835 25.297 25.584 26.571 24.716 
0.130 22.286 22.668 22.500 23.832 23.587 22.910 22.761 23.760 23.259 23.802 24.531 26.745 27.839 24.112 
0.137 22.416 22.547 22.738 24.049 23.519 24.394 22.859 23.912 23.773 24.351 25.622 23.959 26.480 24.211 
0.145 22.422 22.540 22.763 23.102 23.711 23.734 22.772 23.723 23.793 24.361 24.677 24.453 24.930 24.131 
0.154 22.336 22.344 22.635 23.079 23.336 24.427 22.604 23.700 23.777 24.070 24.137 28.467 25.726 24.265 
0.163 22.312 22.723 23.004 22.769 23.647 23.682 22.848 23.452 23.638 24.172 23.995 23.920 26.361 24.061 
0.173 22.368 22.640 22.658 22.711 23.447 23.930 22.645 23.386 23.672 23.630 24.241 24.665 22.918 23.983 
0.183 22.614 22.606 22.907 23.021 23.905 23.608 22.852 23.576 23.518 24.123 24.657 26.183 26.061 24.226 
0.194 22.634 22.655 23.129 23.018 23.528 23.990 23.037 23.369 24.058 24.134 24.271 23.456 26.071 23.941 
0.206 22.598 22.804 22.812 23.270 23.489 23.943 22.952 23.452 24.227 23.909 24.175 25.419 24.255 24.194 
0.218 22.629 22.786 22.916 23.277 23.141 23.779 23.009 23.344 23.684 23.951 24.744 25.049 24.452 24.177 
0.231 22.868 22.919 23.105 23.542 23.557 23.539 23.148 23.559 23.703 23.722 24.506 24.496 24.869 23.972 
0.244 22.648 22.995 23.100 23.554 23.431 23.870 23.186 23.553 23.607 23.513 24.225 25.044 24.457 23.918 
0.259 22.943 23.250 23.399 23.434 23.490 23.752 23.360 23.559 23.829 23.835 24.221 24.628 25.281 24.107 
0.274 23.186 23.212 23.268 23.475 23.458 23.647 23.329 23.471 23.793 24.040 24.347 24.903 24.720 24.132 
0.290 23.132 23.209 23.266 23.379 23.222 23.179 23.255 23.244 23.384 23.553 23.814 24.613 24.396 23.694 
0.308 23.175 23.257 23.300 23.312 23.331 23.661 23.305 23.368 23.686 23.540 23.962 23.908 24.400 23.776 
0.326 23.278 23.223 23.195 23.276 23.398 23.521 23.197 23.425 23.660 23.756 23.700 23.912 24.079 23.739 
0.345 23.464 23.219 23.156 23.118 23.194 23.293 23.116 23.237 23.295 23.391 23.631 24.375 24.613 23.554 
0.366 23.619 23.371 23.265 23.353 23.154 23.266 23.262 23.260 23.267 23.461 23.635 24.234 24.420 23.546 
0.387 23.887 23.535 23.234 23.282 23.222 23.083 23.272 23.209 23.253 23.292 23.639 23.775 24.255 23.435 
0.410 23.969 23.594 23.305 23.162 23.116 23.147 23.294 23.151 23.185 23.308 23.619 23.510 23.631 23.359 
0.435 24.346 23.840 23.449 23.297 23.395 23.143 23.461 23.307 23.241 23.257 23.383 23.527 23.964 23.332 
0.461 24.544 23.984 23.582 23.324 23.243 23.179 23.544 23.260 23.311 23.351 23.235 23.395 23.313 23.323 
0.488 24.709 24.061 23.721 23.545 23.596 23.366 23.691 23.525 23.382 23.473 23.472 23.506 23.780 23.448 
0.517 25.038 24.411 23.942 23.497 23.520 23.583 23.881 23.509 23.507 23.453 23.509 23.612 23.710 23.519 
0.547 25.304 24.533 24.025 23.802 23.721 23.598 24.038 23.706 23.562 23.509 23.555 23.565 23.551 23.548 
0.580 25.667 24.697 24.171 23.968 23.894 23.699 24.173 23.847 23.690 23.505 23.517 23.572 23.599 23.577 
0.614 25.542 24.914 24.310 23.926 23.875 23.830 24.270 23.893 23.815 23.771 23.700 23.638 23.597 23.732 
0.651 26.458 25.131 24.586 24.092 24.012 23.815 24.516 23.946 23.859 23.760 23.695 23.638 23.648 23.734 
0.689 26.664 25.351 24.599 24.243 24.094 23.838 24.581 24.041 23.893 23.838 23.723 23.777 23.810 23.811 
0.730 27.102 25.678 24.847 24.276 24.221 23.960 24.753 24.173 23.957 23.839 23.766 23.721 23.827 23.836 
0.773 27.556 26.029 25.033 24.577 24.280 24.019 25.030 24.252 24.065 23.910 23.689 23.715 23.855 23.848 
0.819 27.723 26.235 25.224 24.608 24.344 24.233 25.139 24.395 24.203 23.989 23.788 23.856 23.832 23.954 
0.868 27.978 26.361 25.424 24.773 24.554 24.364 25.354 24.543 24.313 24.123 23.752 23.765 23.915 23.982 
0.919 28.580 26.594 25.594 24.876 24.611 24.407 25.487 24.606 24.364 24.139 23.860 23.783 23.895 24.036 
0.974 28.551 26.873 25.757 25.041 24.617 24.525 25.663 24.671 24.429 24.176 23.867 23.910 23.890 24.103 
1.032 29.535 26.977 25.828 25.130 24.808 24.548 25.685 24.830 24.557 24.225 23.917 24.025 23.953 24.165 
1.093 30.084 27.519 25.935 25.333 24.945 24.768 25.886 25.004 24.729 24.366 24.060 24.112 24.038 24.296 
1.158 30.111 27.690 26.258 25.409 25.060 24.843 26.136 25.057 24.803 24.374 24.098 24.152 24.111 24.335 
1.226 30.537 27.910 26.337 25.624 25.082 24.865 26.279 25.139 24.880 24.515 24.091 24.200 24.190 24.382 
1.299 30.868 28.257 26.437 25.635 25.178 25.028 26.367 25.210 25.022 24.590 24.205 24.289 24.290 24.500 
1.376 31.639 28.629 26.785 25.855 25.335 25.065 26.658 25.360 25.041 24.570 24.197 24.375 24.369 24.519 
1.458 32.169 28.984 26.885 26.005 25.399 25.239 26.804 25.462 25.155 24.648 24.282 24.407 24.308 24.590 
1.544 33.027 29.259 27.120 26.104 25.492 25.304 26.993 25.544 25.244 24.728 24.376 24.511 24.398 24.683 
1.636 31.938 29.545 27.300 26.316 25.681 25.425 27.189 25.714 25.263 24.749 24.413 24.495 24.408 24.697 
1.733 33.055 29.821 27.560 26.451 25.754 25.622 27.392 25.834 25.430 24.857 24.492 24.578 24.529 24.803 
1.836 33.271 30.159 27.831 26.631 25.887 25.684 27.620 25.952 25.498 24.913 24.523 24.579 24.532 24.843 
1.944 35.158 30.580 28.007 26.796 26.035 25.902 27.794 26.126 25.640 25.091 24.537 24.558 24.543 24.903 
2.060 34.933 31.056 28.390 26.994 26.207 25.909 28.124 26.254 25.658 25.065 24.585 24.591 24.594 24.928 
2.182 35.109 31.514 28.696 27.147 26.371 26.038 28.348 26.395 25.731 25.192 24.626 24.609 24.622 24.985 
2.311 39.791 31.649 29.167 27.326 26.502 26.080 28.680 26.498 25.793 25.226 24.640 24.601 24.617 25.006 
2.448 41.620 32.152 29.148 27.499 26.596 26.233 28.872 26.607 25.942 25.352 24.662 24.560 24.578 25.049 
2.594 37.932 32.362 29.695 27.755 26.860 26.358 29.194 26.843 26.043 25.413 24.699 24.564 24.551 25.083 
2.747 35.316 32.896 30.005 27.965 27.082 26.547 29.552 27.023 26.135 25.491 24.749 24.574 24.582 25.134 
2.910 55.899 33.186 30.525 28.146 27.323 26.728 29.912 27.250 26.241 25.602 24.793 24.584 24.634 25.184 
3.083 47.580 33.599 30.691 28.524 27.579 26.861 30.212 27.477 26.390 25.710 24.878 24.633 24.623 25.264 
3.266 55.137 33.756 31.116 28.714 27.785 27.111 30.545 27.672 26.546 25.805 24.910 24.619 24.702 25.306 
3.459 49.874 35.739 31.217 29.128 28.061 27.281 30.887 27.934 26.678 25.919 25.005 24.666 24.722 25.385 
3.665 63.415 35.228 32.224 29.439 28.500 27.597 31.609 28.326 26.919 26.054 25.070 24.685 24.733 25.455 
3.882 66.971 35.517 32.639 29.888 28.827 27.855 32.067 28.647 27.083 26.189 25.167 24.709 24.756 25.525 
4.112 nan 37.040 32.520 30.365 29.302 28.086 32.327 29.008 27.300 26.313 25.257 24.775 24.801 25.617 
4.356 64.916 37.190 33.029 30.688 29.632 28.384 32.740 29.325 27.528 26.487 25.345 24.815 24.864 25.704 
4.614 84.451 37.099 34.817 31.510 29.992 28.899 33.937 29.831 27.840 26.663 25.469 24.896 24.938 25.820 
4.888 75.627 38.368 35.300 32.032 30.676 29.225 34.586 30.303 28.166 26.844 25.576 24.955 25.009 25.923 
5.178 88.506 41.554 36.741 33.400 31.537 29.818 35.889 31.085 28.541 27.052 25.750 25.034 25.092 26.060 
5.485 77.272 46.979 37.296 33.154 31.753 30.476 36.264 31.480 28.916 27.293 25.902 25.134 25.208 26.195 
5.810 nan 41.953 39.389 34.102 32.282 30.791 37.323 31.997 29.293 27.506 26.047 25.271 25.311 26.345 
6.155 nan 55.249 37.504 34.401 32.946 31.218 36.503 32.492 29.574 27.763 26.237 25.398 25.464 26.507 
6.520 nan 54.079 39.471 36.022 33.338 31.750 39.918 33.028 30.053 28.024 26.429 25.562 25.586 26.695 
6.906 95.832 59.376 39.914 34.750 34.099 32.008 37.482 33.206 30.410 28.316 26.656 25.752 25.761 26.899 
7.316 95.458 75.376 42.868 36.091 34.949 32.942 37.745 34.625 30.970 28.518 26.853 25.945 25.913 27.108 
7.750 97.812 73.139 48.469 40.652 33.842 33.326 47.309 33.971 31.401 28.733 27.013 26.150 26.100 27.304 
8.210 nan 77.645 42.772 39.262 36.123 34.098 42.334 35.743 31.860 28.949 27.243 26.396 26.350 27.542 
8.696 100.171 nan 48.673 40.347 38.213 33.994 46.073 36.524 32.156 29.087 27.408 26.666 26.525 27.775 
9.212 101.063 66.686 46.202 38.310 37.491 34.061 42.180 35.826 32.078 29.031 27.521 26.922 26.721 27.952 
9.759 102.462 54.194 39.379 36.600 35.076 33.112 38.016 34.450 31.790 28.918 27.583 27.188 26.926 28.101 
10.337 104.250 46.754 41.210 36.366 33.502 32.197 38.939 33.225 31.200 28.835 27.605 27.386 27.115 28.193 
10.950 107.011 43.264 41.640 36.721 33.515 32.298 38.737 33.273 31.339 28.894 27.649 27.533 27.287 28.288 
11.600 108.763 65.327 39.601 36.232 34.183 32.439 38.437 33.540 31.441 29.023 27.793 27.674 27.445 28.434 
12.288 109.074 nan 41.152 38.774 34.212 32.752 41.112 33.849 31.646 29.209 27.885 27.833 27.570 28.564 
13.016 nan 64.139 41.548 39.005 35.034 33.222 40.435 34.431 31.984 29.403 27.978 27.928 27.720 28.680 
13.788 111.471 86.993 53.108 41.994 35.069 33.693 48.890 34.824 32.292 29.650 28.083 28.052 27.791 28.805 
14.606 113.630 88.654 nan 39.681 35.751 34.313 42.965 35.467 32.729 29.952 28.243 28.223 27.996 28.992 
15.472 nan nan 69.212 39.561 36.973 34.973 46.532 36.573 33.083 30.235 28.384 28.352 28.114 29.146 
16.390 nan 92.308 nan nan 35.909 35.302 nan 36.216 33.328 30.540 28.606 28.561 28.326 29.373 
17.362 116.944 92.412 86.934 42.584 40.169 35.159 nan 37.491 33.744 31.030 28.906 28.964 28.656 29.724 
18.392 nan 93.826 90.112 83.945 64.561 36.200 nan 41.601 34.136 31.673 29.295 29.413 29.084 30.136 
19.482 nan 96.268 90.417 nan 39.560 35.923 88.464 37.441 34.820 32.687 30.172 30.332 29.939 31.026 
20.638 nan 97.700 92.253 86.980 nan 40.639 nan 65.343 37.394 34.349 32.052 32.236 31.600 32.906 
21.862 122.024 97.154 nan 85.091 79.958 77.165 nan 78.356 77.426 nan 35.777 34.370 32.945 35.685 
23.158 nan nan 93.398 87.471 82.667 79.261 93.089 81.070 78.846 61.734 36.674 35.647 33.599 36.951 
24.532 124.318 99.890 nan 88.032 83.013 79.443 nan 80.722 79.540 76.625 37.503 36.687 34.751 37.872 
25.987 125.432 101.102 nan 89.244 83.883 80.595 nan 81.680 80.838 nan 38.364 35.895 34.017 37.471 
27.528 126.714 102.391 nan 90.540 88.025 82.060 nan 83.508 81.427 82.536 nan 36.739 34.685 38.316 
29.160 129.046 nan nan 91.335 86.434 83.151 95.882 84.218 82.865 83.731 nan nan 35.790 nan 
30.890 inf inf inf inf inf inf inf inf inf inf inf inf inf inf 
