# t[days] lsstu lsstg lsstr lssti lsstz lssty f062 f087 f106 f129 f158 f184 f213 f146 
0.103 25.994 25.891 26.873 26.871 29.225 29.146 26.904 28.359 28.796 31.954 29.056 31.727 32.101 29.378 
0.109 22.424 22.517 23.672 24.908 22.502 26.535 23.394 23.321 27.155 28.348 30.432 27.023 27.573 27.641 
0.116 22.463 22.268 22.036 24.630 25.665 24.752 22.388 24.913 25.341 24.267 26.232 28.413 31.932 25.048 
0.122 21.173 22.152 21.697 23.083 23.519 23.830 22.072 23.677 23.308 23.498 27.324 27.368 28.095 24.277 
0.130 21.114 21.690 21.424 23.920 22.675 23.529 21.730 23.015 22.828 21.765 22.876 29.654 28.740 22.915 
0.137 21.391 21.646 21.652 22.781 23.103 22.638 21.832 22.753 23.380 23.160 25.883 25.354 27.219 23.679 
0.145 20.946 21.672 21.573 22.264 23.969 24.308 21.826 23.004 23.504 23.754 25.552 25.534 26.880 24.487 
0.154 20.903 21.380 22.238 22.324 23.404 24.784 21.939 23.821 25.081 23.443 25.609 28.225 26.834 24.389 
0.163 21.149 21.433 22.112 21.889 23.364 24.123 21.915 22.893 23.312 22.903 22.712 25.409 25.420 23.109 
0.173 20.855 21.535 22.131 22.777 22.934 23.661 22.024 23.323 23.753 24.430 25.198 26.097 22.801 24.381 
0.183 21.092 21.212 22.044 22.548 22.849 24.552 21.918 23.088 23.695 24.297 25.003 25.467 26.878 24.338 
0.194 20.968 21.554 22.025 22.190 22.482 23.008 21.938 22.470 22.954 22.956 23.674 24.507 24.356 23.379 
0.206 21.109 21.685 22.083 23.566 23.355 22.566 22.263 22.970 23.120 23.721 23.568 24.542 26.242 23.511 
0.218 21.073 21.774 22.544 22.379 22.984 22.933 22.336 22.602 23.551 24.031 23.989 24.845 25.031 23.961 
0.231 21.124 21.595 22.337 22.896 23.145 23.191 22.294 23.066 23.145 23.808 24.146 23.763 24.513 23.637 
0.244 21.145 21.593 22.229 22.632 22.817 23.270 22.244 22.873 23.188 24.452 23.899 24.298 25.174 23.840 
0.259 21.052 21.814 22.419 22.799 22.742 23.083 22.367 22.872 22.751 22.750 23.153 23.675 25.611 23.012 
0.274 21.160 21.927 22.268 22.947 22.627 23.547 22.380 22.907 23.750 23.796 23.776 24.557 24.793 23.813 
0.290 21.160 21.817 22.499 22.627 23.442 22.745 22.449 22.909 22.778 23.231 23.874 24.937 24.684 23.433 
0.308 21.186 21.796 22.385 22.838 23.099 22.885 22.387 23.080 23.233 23.657 24.167 24.409 24.198 23.687 
0.326 21.343 21.705 22.496 22.553 22.724 22.758 22.338 22.654 23.289 23.378 24.119 24.367 24.042 23.615 
0.345 21.473 21.945 22.376 22.730 22.981 23.159 22.349 22.993 23.136 23.588 23.980 24.350 25.287 23.596 
0.366 21.444 21.987 22.488 22.779 22.594 23.326 22.414 22.813 23.387 23.325 24.029 24.396 25.659 23.601 
0.387 21.545 21.948 22.243 22.548 22.636 23.023 22.260 22.616 23.141 23.541 23.467 23.834 24.879 23.438 
0.410 21.564 22.041 22.388 22.759 22.833 22.933 22.421 22.806 23.107 23.266 23.224 23.413 24.168 23.212 
0.435 21.576 21.978 22.427 22.599 23.001 22.717 22.392 22.771 22.830 22.960 23.277 23.382 23.944 23.066 
0.461 21.646 21.978 22.187 22.529 22.747 23.062 22.196 22.806 23.010 22.931 23.402 23.924 24.035 23.208 
0.488 21.782 22.089 22.287 22.453 22.677 22.836 22.301 22.655 22.989 23.002 23.357 23.585 23.530 23.156 
0.517 21.756 22.095 22.233 22.530 22.627 22.640 22.283 22.584 22.804 22.843 23.061 23.585 23.857 22.982 
0.547 21.827 22.151 22.169 22.393 22.435 22.357 22.221 22.418 22.475 22.844 23.163 23.775 23.995 22.902 
0.580 21.953 22.137 22.160 22.424 22.473 22.454 22.219 22.471 22.602 22.623 22.989 23.417 23.849 22.820 
0.614 22.170 22.195 22.212 22.312 22.396 22.497 22.239 22.386 22.443 22.590 22.898 23.152 23.910 22.710 
0.651 22.318 22.218 22.159 22.231 22.161 22.370 22.189 22.217 22.397 22.646 22.917 22.933 23.529 22.695 
0.689 22.522 22.390 22.241 22.223 22.301 22.455 22.265 22.324 22.428 22.456 22.833 23.128 23.382 22.643 
0.730 22.685 22.504 22.254 22.236 22.163 22.474 22.301 22.251 22.366 22.543 22.810 22.945 23.181 22.623 
0.773 22.947 22.652 22.364 22.308 22.356 22.422 22.407 22.327 22.423 22.498 22.717 23.068 23.356 22.619 
0.819 23.166 22.806 22.463 22.393 22.276 22.415 22.515 22.311 22.480 22.477 22.571 22.822 22.958 22.562 
0.868 23.288 22.933 22.595 22.501 22.441 22.320 22.622 22.421 22.373 22.524 22.651 22.859 22.950 22.558 
0.919 23.487 23.046 22.698 22.586 22.470 22.474 22.720 22.475 22.507 22.576 22.642 22.900 23.005 22.624 
0.974 23.706 23.289 22.849 22.671 22.495 22.588 22.881 22.566 22.579 22.553 22.657 22.715 23.023 22.619 
1.032 23.902 23.394 23.007 22.832 22.637 22.651 23.020 22.674 22.736 22.673 22.628 22.692 23.057 22.689 
1.093 24.159 23.538 23.101 22.943 22.739 22.676 23.118 22.769 22.746 22.771 22.728 22.887 22.957 22.772 
1.158 24.330 23.706 23.227 23.015 22.860 22.873 23.251 22.887 22.866 22.824 22.791 22.905 23.073 22.854 
1.226 24.574 23.870 23.394 23.132 22.938 22.976 23.406 22.974 22.967 22.892 22.900 22.946 23.026 22.919 
1.299 24.753 24.023 23.515 23.271 23.110 22.978 23.528 23.117 23.043 23.024 22.952 22.968 23.183 22.985 
1.376 24.991 24.112 23.585 23.343 23.145 23.138 23.609 23.177 23.136 23.051 22.953 23.007 23.104 23.032 
1.458 25.183 24.203 23.649 23.377 23.153 23.137 23.652 23.195 23.107 23.066 22.986 23.074 23.270 23.053 
1.544 25.428 24.305 23.690 23.367 23.180 23.216 23.688 23.230 23.192 23.030 22.983 23.084 23.184 23.071 
1.636 25.749 24.489 23.778 23.473 23.232 23.169 23.815 23.247 23.167 23.060 23.039 23.116 23.226 23.091 
1.733 26.151 24.560 23.872 23.585 23.348 23.333 23.891 23.385 23.290 23.100 23.044 23.192 23.243 23.158 
1.836 26.656 24.837 24.036 23.754 23.382 23.404 24.085 23.449 23.366 23.162 23.125 23.275 23.265 23.226 
1.944 27.137 25.080 24.271 23.815 23.549 23.491 24.260 23.582 23.399 23.222 23.164 23.328 23.363 23.279 
2.060 27.697 25.329 24.382 23.974 23.672 23.554 24.409 23.679 23.493 23.293 23.225 23.329 23.445 23.332 
2.182 28.505 25.701 24.613 24.176 23.781 23.611 24.639 23.799 23.549 23.339 23.264 23.450 23.545 23.399 
2.311 29.324 26.118 24.841 24.307 23.851 23.752 24.839 23.917 23.646 23.423 23.372 23.487 23.613 23.484 
2.448 30.005 26.450 25.067 24.369 23.932 23.793 25.010 23.984 23.678 23.476 23.408 23.602 23.606 23.541 
2.594 29.540 26.782 25.334 24.478 24.000 23.837 25.223 24.053 23.735 23.456 23.424 23.595 23.655 23.547 
2.747 32.098 27.123 25.572 24.679 24.128 23.899 25.443 24.175 23.769 23.533 23.453 23.630 23.657 23.595 
2.910 32.449 27.376 25.726 24.701 24.182 23.924 25.555 24.215 23.772 23.586 23.522 23.711 23.707 23.651 
3.083 32.531 27.497 25.833 24.700 24.213 23.900 25.615 24.214 23.764 23.580 23.493 23.656 23.741 23.626 
3.266 32.112 27.674 25.949 24.710 24.221 23.895 25.681 24.227 23.738 23.625 23.514 23.699 23.751 23.647 
3.459 33.120 27.664 25.919 24.598 24.134 23.785 25.617 24.113 23.667 23.626 23.471 23.622 23.666 23.603 
3.665 32.863 27.702 25.927 24.638 24.131 23.817 25.669 24.131 23.676 23.605 23.474 23.598 23.614 23.593 
3.882 34.151 27.948 26.098 24.744 24.211 23.822 25.880 24.177 23.713 23.646 23.461 23.591 23.641 23.603 
4.112 34.309 28.091 26.215 24.849 24.290 23.894 25.977 24.261 23.751 23.677 23.498 23.559 23.596 23.625 
4.356 35.211 28.262 26.250 24.861 24.324 23.908 26.014 24.282 23.762 23.686 23.478 23.515 23.596 23.618 
4.614 35.317 28.357 26.293 24.855 24.311 23.926 26.043 24.276 23.773 23.661 23.434 23.511 23.563 23.606 
4.888 35.935 28.680 26.442 25.038 24.457 24.048 26.256 24.417 23.840 23.696 23.441 23.461 23.537 23.621 
5.178 36.378 28.995 26.727 25.307 24.729 24.238 26.557 24.657 24.022 23.772 23.496 23.488 23.585 23.699 
5.485 36.600 29.537 27.148 25.666 24.988 24.425 26.983 24.908 24.199 23.882 23.555 23.506 23.558 23.786 
5.810 41.401 30.395 27.524 26.142 25.334 24.671 27.465 25.233 24.435 24.032 23.649 23.528 23.616 23.895 
6.155 42.441 30.877 28.067 26.616 25.674 24.948 28.033 25.570 24.677 24.206 23.797 23.566 23.672 24.028 
6.520 47.708 31.953 28.627 27.161 26.060 25.311 28.652 25.952 24.961 24.418 23.904 23.631 23.745 24.169 
6.906 48.720 32.490 28.971 27.639 26.489 25.622 29.097 26.333 25.203 24.564 24.031 23.692 23.841 24.294 
7.316 52.431 32.945 29.240 28.055 26.978 25.929 29.419 26.743 25.423 24.726 24.162 23.787 23.888 24.428 
7.750 48.264 33.511 29.533 28.343 27.423 26.239 29.724 27.110 25.656 24.876 24.257 23.822 23.991 24.524 
8.210 49.264 33.430 29.989 28.776 27.813 26.511 30.156 27.477 25.937 25.041 24.365 23.886 24.059 24.643 
8.696 49.680 33.717 30.195 28.929 28.047 26.689 30.355 27.683 26.065 25.154 24.433 23.944 24.142 24.720 
9.212 51.181 34.861 30.428 29.197 28.463 26.918 30.581 28.000 26.265 25.295 24.570 24.052 24.250 24.852 
9.759 55.772 34.356 30.965 29.464 28.854 27.158 31.069 28.296 26.443 25.494 24.725 24.165 24.373 24.998 
10.337 53.126 35.610 31.297 30.013 29.272 27.465 31.438 28.693 26.711 25.713 24.918 24.334 24.546 25.190 
10.950 67.960 35.312 32.002 30.457 29.757 27.831 31.952 29.115 27.028 25.998 25.098 24.473 24.682 25.382 
11.600 68.316 35.791 32.771 31.064 30.218 28.279 32.699 29.573 27.437 26.342 25.326 24.689 24.877 25.634 
12.288 78.123 38.169 34.001 31.801 30.570 28.649 33.598 29.982 27.858 26.638 25.575 24.886 25.058 25.866 
13.016 nan 41.803 34.252 32.263 30.780 29.054 33.878 30.308 28.268 26.901 25.788 25.092 25.204 26.097 
13.788 96.031 38.759 34.576 32.761 30.965 29.239 34.573 30.482 28.505 27.087 25.997 25.346 25.341 26.320 
14.606 nan 54.022 36.140 33.018 31.041 29.685 35.376 30.736 28.820 27.291 26.178 25.584 25.518 26.542 
15.472 102.373 51.231 36.487 34.073 30.980 29.894 35.973 30.862 29.073 27.413 26.302 25.844 25.685 26.730 
16.390 105.916 50.750 36.277 34.220 31.381 30.164 35.873 31.182 29.371 27.579 26.435 26.147 25.892 26.957 
17.362 103.575 48.527 38.703 35.246 31.948 30.611 37.466 31.657 29.773 27.689 26.555 26.320 26.068 27.113 
18.392 103.156 58.612 37.440 35.197 32.278 31.242 36.207 32.134 30.226 27.833 26.664 26.493 26.182 27.272 
19.482 nan nan 40.457 36.039 32.824 31.651 37.724 32.636 30.650 28.057 26.772 26.648 26.285 27.412 
20.638 nan 84.351 48.828 37.328 33.518 31.657 41.344 32.821 30.829 28.216 26.864 26.764 26.442 27.534 
21.862 109.149 87.769 40.870 37.389 33.500 32.782 40.677 33.524 31.457 28.458 26.994 26.914 26.614 27.702 
23.158 nan 89.333 nan 40.220 34.728 33.028 41.233 34.372 31.595 28.734 27.160 27.072 26.693 27.873 
24.532 109.583 89.939 51.398 39.470 35.558 33.544 40.504 34.952 32.142 28.964 27.335 27.212 26.873 28.052 
25.987 111.703 91.027 74.190 39.467 36.218 34.602 46.585 35.762 32.580 29.389 27.561 27.410 27.065 28.282 
27.528 nan 92.902 74.582 38.894 36.189 34.226 46.647 36.001 32.663 29.706 27.809 27.731 27.315 28.558 
29.160 nan 93.654 nan 45.256 36.905 34.844 58.490 36.638 33.312 30.216 28.178 28.105 27.648 28.951 
30.890 inf inf inf inf inf inf inf inf inf inf inf inf inf inf 
