# t[days] lsstu lsstg lsstr lssti lsstz lssty f062 f087 f106 f129 f158 f184 f213 f146 
0.103 21.619 21.494 20.811 26.307 27.737 22.914 21.263 24.123 23.939 27.549 26.734 26.937 30.510 25.084 
0.109 18.591 18.895 21.247 18.957 22.634 21.530 20.476 19.409 22.636 27.705 29.396 27.588 28.724 23.866 
0.116 18.563 18.610 18.749 22.235 21.697 22.108 18.885 21.948 19.702 19.528 22.704 25.181 nan 20.703 
0.122 18.437 18.778 20.243 21.284 21.030 18.746 20.158 20.820 19.475 22.292 22.567 28.022 29.327 20.643 
0.130 18.046 18.484 18.871 18.495 19.560 19.549 18.830 18.907 20.103 21.909 22.731 24.884 25.170 21.169 
0.137 17.774 17.769 19.378 19.301 20.021 19.853 18.716 20.015 19.779 23.800 19.440 21.975 22.866 20.034 
0.145 17.430 18.010 18.519 18.183 18.730 18.763 18.260 18.739 19.690 21.370 19.248 20.854 22.698 19.818 
0.154 17.266 17.889 18.192 18.643 19.482 18.714 18.162 18.831 18.685 19.592 21.734 20.916 24.056 19.781 
0.163 17.309 17.373 18.167 19.127 18.583 18.797 18.039 18.765 19.479 19.302 21.225 21.768 24.061 19.837 
0.173 17.233 17.944 18.841 18.420 19.081 19.462 18.539 18.734 18.935 19.724 21.587 22.131 18.703 19.912 
0.183 17.261 17.814 18.324 18.927 18.507 20.132 18.364 18.766 20.340 20.539 22.678 20.413 21.160 20.599 
0.194 17.607 18.240 18.666 18.810 18.926 18.330 18.754 18.566 19.127 20.783 20.575 19.636 22.994 19.763 
0.206 17.348 17.781 18.580 18.833 18.244 20.539 18.430 18.672 20.120 19.732 19.277 21.574 21.691 19.823 
0.218 17.324 17.924 18.515 19.131 18.479 18.926 18.524 18.817 19.397 20.575 20.576 21.587 20.303 20.100 
0.231 17.645 18.255 18.572 18.918 19.508 20.290 18.514 19.472 20.234 20.150 20.029 20.148 20.772 20.031 
0.244 17.697 18.133 18.683 18.668 19.290 18.559 18.483 18.904 19.136 19.152 20.280 20.490 21.740 19.460 
0.259 17.621 17.858 18.584 18.766 19.371 19.028 18.471 19.092 19.418 20.281 20.016 19.759 22.311 19.813 
0.274 17.552 18.098 18.674 18.684 19.670 18.974 18.510 19.085 19.100 19.708 20.939 20.920 20.941 19.881 
0.290 17.764 18.251 18.657 18.985 19.070 19.472 18.704 19.071 19.374 20.034 20.734 20.677 20.839 20.056 
0.308 17.736 18.242 18.580 18.831 19.578 19.531 18.584 19.351 19.316 19.944 20.047 20.079 21.309 19.844 
0.326 17.909 18.291 18.627 19.028 19.378 19.198 18.586 19.306 19.206 19.972 20.775 20.766 21.291 19.958 
0.345 17.875 18.277 18.667 18.981 18.767 19.388 18.671 18.967 19.874 20.206 20.698 20.366 19.995 20.212 
0.366 17.844 18.322 18.634 18.826 19.017 19.333 18.619 19.051 19.297 19.348 20.185 20.728 20.843 19.721 
0.387 17.935 18.322 18.487 18.492 19.249 19.151 18.471 19.019 19.297 19.858 19.972 20.787 20.510 19.800 
0.410 17.898 18.204 18.452 18.690 18.836 18.851 18.408 18.914 19.169 19.172 19.963 20.631 20.427 19.470 
0.435 18.121 18.272 18.579 18.826 18.998 18.627 18.558 18.820 18.908 19.685 19.867 20.234 20.817 19.513 
0.461 18.079 18.275 18.468 18.741 18.857 18.731 18.497 18.814 18.825 19.121 19.230 19.963 20.272 19.124 
0.488 18.103 18.212 18.423 18.576 18.814 18.814 18.425 18.700 18.900 19.153 19.586 19.708 19.471 19.280 
0.517 18.111 18.323 18.414 18.530 18.751 18.641 18.422 18.669 18.671 18.820 19.439 19.587 20.094 19.060 
0.547 18.174 18.284 18.302 18.311 18.616 18.696 18.294 18.553 18.735 19.084 19.554 19.610 20.174 19.137 
0.580 18.252 18.213 18.170 18.396 18.539 18.511 18.229 18.471 18.472 18.755 19.189 19.544 19.459 18.860 
0.614 18.491 18.306 18.203 18.276 18.411 18.371 18.235 18.346 18.381 18.607 18.761 19.170 19.717 18.649 
0.651 18.581 18.354 18.206 18.282 18.375 18.209 18.238 18.299 18.268 18.646 19.045 19.304 19.285 18.708 
0.689 18.823 18.364 18.293 18.271 18.379 18.351 18.267 18.348 18.362 18.527 18.934 19.149 19.369 18.672 
0.730 19.002 18.505 18.282 18.256 18.290 18.334 18.299 18.286 18.320 18.550 18.683 18.902 19.361 18.590 
0.773 19.256 18.737 18.329 18.277 18.328 18.215 18.391 18.247 18.331 18.519 18.776 19.205 19.111 18.612 
0.819 19.526 18.838 18.548 18.419 18.414 18.467 18.546 18.433 18.430 18.497 18.684 18.973 19.193 18.613 
0.868 19.678 19.012 18.623 18.382 18.326 18.363 18.609 18.345 18.372 18.395 18.668 18.905 19.238 18.540 
0.919 19.967 19.209 18.831 18.538 18.525 18.595 18.805 18.533 18.572 18.501 18.715 18.936 19.226 18.659 
0.974 20.175 19.361 18.952 18.682 18.479 18.595 18.931 18.554 18.581 18.526 18.732 19.039 19.229 18.670 
1.032 20.456 19.594 19.102 18.855 18.793 18.831 19.105 18.825 18.776 18.655 18.770 19.097 19.377 18.792 
1.093 20.607 19.716 19.222 19.010 18.896 18.864 19.238 18.906 18.853 18.742 18.758 19.031 19.354 18.835 
1.158 20.968 19.970 19.385 19.170 18.972 19.116 19.417 19.040 19.075 18.837 18.788 18.919 19.246 18.906 
1.226 21.244 20.092 19.522 19.289 19.106 19.232 19.531 19.186 19.144 18.850 18.869 19.050 19.369 18.973 
1.299 21.540 20.285 19.602 19.367 19.243 19.304 19.624 19.288 19.197 18.965 18.949 19.112 19.357 19.050 
1.376 21.659 20.406 19.789 19.469 19.279 19.507 19.785 19.378 19.348 19.041 19.077 19.141 19.391 19.159 
1.458 21.951 20.478 19.857 19.507 19.376 19.428 19.837 19.421 19.363 19.056 19.034 19.147 19.436 19.154 
1.544 22.294 20.716 19.979 19.635 19.472 19.509 19.973 19.522 19.375 19.112 19.118 19.245 19.461 19.210 
1.636 22.747 20.870 20.086 19.704 19.569 19.642 20.078 19.624 19.481 19.130 19.149 19.244 19.377 19.251 
1.733 23.207 21.085 20.238 19.807 19.653 19.743 20.222 19.704 19.553 19.200 19.200 19.278 19.510 19.305 
1.836 23.564 21.309 20.341 19.939 19.796 19.831 20.346 19.833 19.644 19.273 19.295 19.337 19.565 19.383 
1.944 24.153 21.535 20.549 20.054 19.853 19.979 20.525 19.914 19.702 19.338 19.364 19.407 19.633 19.462 
2.060 24.422 21.777 20.682 20.159 19.905 20.086 20.659 19.997 19.835 19.393 19.413 19.484 19.710 19.529 
2.182 25.266 22.164 20.911 20.292 20.046 20.096 20.867 20.086 19.926 19.518 19.546 19.534 19.735 19.630 
2.311 25.252 22.465 21.114 20.452 20.208 20.190 21.059 20.243 19.962 19.503 19.522 19.621 19.789 19.652 
2.448 25.930 22.820 21.295 20.525 20.318 20.276 21.219 20.332 20.035 19.601 19.636 19.707 19.816 19.747 
2.594 26.944 23.232 21.546 20.696 20.372 20.337 21.448 20.413 20.095 19.627 19.634 19.734 19.792 19.777 
2.747 27.056 23.539 21.753 20.831 20.448 20.370 21.656 20.469 20.196 19.708 19.672 19.741 19.900 19.822 
2.910 27.783 23.958 21.970 20.959 20.534 20.398 21.827 20.558 20.204 19.738 19.687 19.770 19.884 19.844 
3.083 28.529 24.366 22.259 21.139 20.621 20.491 22.092 20.664 20.279 19.807 19.706 19.789 19.824 19.890 
3.266 28.244 24.574 22.343 21.183 20.621 20.437 22.183 20.652 20.283 19.814 19.678 19.767 19.900 19.878 
3.459 28.975 24.631 22.401 21.209 20.627 20.412 22.216 20.654 20.280 19.822 19.681 19.772 19.872 19.886 
3.665 30.606 24.723 22.509 21.263 20.686 20.430 22.315 20.698 20.283 19.838 19.663 19.713 19.869 19.869 
3.882 29.369 24.757 22.649 21.341 20.720 20.448 22.398 20.744 20.311 19.861 19.629 19.699 19.816 19.865 
4.112 29.795 24.810 22.701 21.422 20.789 20.439 22.445 20.794 20.322 19.847 19.600 19.667 19.799 19.849 
4.356 30.657 24.881 22.793 21.469 20.788 20.487 22.522 20.817 20.354 19.872 19.565 19.634 19.759 19.846 
4.614 30.428 25.043 22.837 21.456 20.831 20.454 22.545 20.834 20.325 19.863 19.548 19.624 19.724 19.825 
4.888 31.038 25.184 22.975 21.579 20.932 20.536 22.653 20.933 20.366 19.860 19.538 19.611 19.685 19.827 
5.178 31.671 25.519 23.237 21.756 21.015 20.609 22.899 21.026 20.429 19.888 19.539 19.611 19.719 19.849 
5.485 30.818 25.774 23.592 22.015 21.244 20.846 23.216 21.278 20.537 19.968 19.575 19.635 19.711 19.900 
5.810 34.683 26.338 23.946 22.308 21.429 20.978 23.543 21.456 20.638 20.036 19.607 19.666 19.743 19.954 
6.155 35.854 26.921 24.448 22.642 21.717 21.204 23.930 21.748 20.793 20.165 19.654 19.702 19.785 20.038 
6.520 40.251 27.575 25.020 22.989 22.036 21.410 24.408 22.032 20.975 20.285 19.718 19.773 19.870 20.131 
6.906 38.335 28.166 25.830 23.433 22.423 21.704 24.929 22.403 21.184 20.466 19.817 19.847 19.924 20.253 
7.316 42.020 29.076 26.492 24.019 22.833 21.914 25.537 22.756 21.364 20.653 19.904 19.929 20.000 20.366 
7.750 40.569 30.338 27.070 24.546 23.383 22.314 26.017 23.274 21.620 20.802 19.967 20.007 20.081 20.472 
8.210 49.543 30.809 27.964 25.293 23.907 22.635 26.861 23.702 21.848 20.976 20.059 20.087 20.170 20.593 
8.696 49.251 31.824 28.174 25.731 24.355 22.917 27.148 24.082 22.019 21.109 20.143 20.149 20.242 20.687 
9.212 nan 31.933 28.604 26.055 24.749 23.150 27.446 24.385 22.190 21.252 20.233 20.251 20.376 20.796 
9.759 49.328 32.327 29.248 26.467 25.138 23.294 27.824 24.676 22.338 21.400 20.362 20.373 20.504 20.927 
10.337 45.430 31.887 29.217 26.881 25.552 23.521 28.138 24.963 22.533 21.576 20.534 20.491 20.653 21.083 
10.950 48.574 32.691 29.879 27.468 25.910 23.945 28.740 25.445 22.779 21.749 20.708 20.698 20.796 21.273 
11.600 nan 33.713 30.053 27.859 26.403 24.312 29.073 25.955 23.028 21.974 20.892 20.840 20.937 21.454 
12.288 63.214 34.134 31.178 28.316 26.514 24.825 29.774 26.358 23.316 22.178 21.088 21.003 21.076 21.648 
13.016 64.361 34.389 31.456 28.340 26.701 25.049 29.743 26.602 23.599 22.426 21.296 21.174 21.287 21.849 
13.788 75.724 36.261 31.796 28.323 26.688 25.173 30.183 26.572 23.766 22.578 21.505 21.343 21.405 22.031 
14.606 68.762 38.335 32.533 28.307 26.580 25.395 30.255 26.635 23.965 22.753 21.768 21.519 21.561 22.244 
15.472 82.391 34.687 31.292 28.054 26.377 25.390 30.103 26.416 24.066 22.761 22.001 21.696 21.652 22.407 
16.390 79.779 40.381 31.111 28.257 26.424 25.431 30.444 26.421 24.217 22.881 22.211 21.956 21.806 22.614 
17.362 93.394 39.487 31.190 28.500 26.681 25.626 30.990 26.603 24.341 22.973 22.378 22.085 21.926 22.755 
18.392 nan 40.490 32.308 28.734 27.107 26.086 31.244 27.011 24.590 23.160 22.570 22.221 22.000 22.921 
19.482 nan 42.598 35.085 29.086 27.515 26.359 32.508 27.377 24.752 23.245 22.667 22.386 22.119 23.061 
20.638 100.686 47.191 37.021 29.509 28.107 26.709 32.846 27.846 25.027 23.366 22.830 22.471 22.171 23.190 
21.862 101.004 55.949 33.440 30.101 28.354 27.014 33.298 28.251 25.287 23.534 22.920 22.629 22.318 23.335 
23.158 nan 49.212 37.457 30.515 29.271 27.519 33.081 28.888 25.579 23.725 23.070 22.734 22.402 23.482 
24.532 103.523 81.655 41.159 31.715 28.851 27.970 33.860 29.081 26.060 23.972 23.216 22.916 22.574 23.671 
25.987 104.954 60.413 37.265 32.379 30.113 28.492 37.393 29.894 26.414 24.222 23.424 23.110 22.754 23.898 
27.528 nan nan 37.689 32.681 30.642 28.869 34.364 30.428 26.897 24.495 23.720 23.360 22.940 24.168 
29.160 nan 88.248 52.244 35.049 30.604 28.786 42.998 30.475 27.132 24.728 24.051 23.739 23.367 24.507 
30.890 inf inf inf inf inf inf inf inf inf inf inf inf inf inf 
