# t[days] lsstu lsstg lsstr lssti lsstz lssty f062 f087 f106 f129 f158 f184 f213 f146 
0.103 23.730 24.029 24.683 24.166 26.603 26.373 24.255 26.560 26.749 28.244 25.774 31.273 33.847 26.568 
0.109 21.271 21.286 21.761 24.138 24.197 25.476 21.919 24.544 23.083 23.180 27.386 26.553 25.457 24.257 
0.116 20.794 20.671 22.705 22.810 24.221 25.610 22.146 24.120 24.471 25.237 24.058 28.626 32.342 24.579 
0.122 20.145 20.384 20.934 21.703 24.078 21.804 20.991 22.856 21.847 26.368 27.499 28.422 26.107 23.075 
0.130 19.770 20.162 20.495 21.192 21.407 23.156 20.649 21.316 22.444 22.011 27.610 27.132 28.151 22.956 
0.137 19.820 20.468 20.230 21.868 21.819 23.553 20.443 22.340 21.421 21.130 21.831 24.601 25.730 21.843 
0.145 20.206 20.324 20.157 20.880 21.948 21.601 20.325 21.540 21.964 21.795 24.625 24.039 26.291 22.340 
0.154 19.602 20.120 20.268 21.168 23.640 22.566 20.348 22.536 23.153 24.138 25.731 25.332 24.265 23.951 
0.163 19.855 20.093 20.697 21.643 22.750 23.341 20.732 22.707 22.369 23.056 23.015 23.330 21.840 22.785 
0.173 19.591 20.180 21.199 21.440 22.444 21.426 20.990 21.995 21.380 21.324 22.153 23.618 23.972 21.815 
0.183 19.698 20.174 21.064 20.760 22.787 21.804 20.824 21.829 22.341 23.518 23.394 23.821 21.339 22.993 
0.194 19.790 20.298 20.940 21.486 21.156 23.088 20.928 21.498 21.972 22.024 24.577 24.283 30.890 22.855 
0.206 19.840 20.382 21.086 21.719 21.644 21.961 21.074 21.603 22.355 21.667 22.123 23.755 24.344 22.301 
0.218 19.879 20.461 21.267 21.363 22.327 22.527 21.104 22.175 22.467 22.103 22.289 22.603 22.897 22.392 
0.231 19.927 20.491 21.409 21.302 21.889 22.191 21.087 21.964 22.748 23.097 22.644 22.731 23.391 22.856 
0.244 19.949 20.487 21.039 20.745 21.942 21.347 20.954 21.434 21.414 22.882 22.577 23.663 24.195 22.187 
0.259 19.868 20.596 21.060 21.507 22.179 21.900 21.124 21.801 22.141 22.002 22.131 22.417 23.926 22.252 
0.274 19.936 20.831 21.261 21.816 21.528 21.895 21.336 21.770 21.682 22.209 22.615 23.438 23.542 22.244 
0.290 19.929 20.597 21.191 21.689 21.692 21.895 21.163 21.777 21.815 22.388 22.596 24.193 24.514 22.393 
0.308 19.964 20.685 21.180 21.237 21.945 21.666 21.153 21.530 21.947 22.851 22.354 23.143 22.671 22.402 
0.326 20.079 20.559 21.162 21.358 21.687 21.954 21.130 21.576 22.074 22.533 23.405 23.037 22.525 22.568 
0.345 20.213 20.717 21.107 21.525 22.091 21.944 21.100 21.948 21.816 22.010 22.505 23.135 24.457 22.307 
0.366 20.225 20.784 21.040 21.220 21.731 22.262 21.078 21.656 22.248 22.173 22.440 23.219 23.578 22.457 
0.387 20.153 20.744 21.182 21.578 21.392 21.943 21.178 21.605 21.827 22.019 22.577 23.371 24.975 22.264 
0.410 20.282 20.657 21.064 21.392 21.690 21.598 21.023 21.621 21.652 21.473 21.873 23.012 24.202 21.840 
0.435 20.328 20.745 21.231 21.375 21.626 21.683 21.161 21.575 21.647 21.869 22.494 22.566 22.960 22.024 
0.461 20.300 20.910 21.035 21.490 21.520 21.700 21.116 21.579 21.678 21.790 22.225 21.777 22.514 21.863 
0.488 20.465 20.742 20.980 21.196 21.141 21.606 20.973 21.262 21.519 21.734 22.025 22.571 22.400 21.879 
0.517 20.441 20.765 20.951 21.185 21.559 21.429 20.953 21.419 21.606 21.611 22.218 22.101 22.493 21.840 
0.547 20.460 20.821 20.930 21.164 21.082 21.478 20.981 21.162 21.554 21.630 21.843 22.253 23.134 21.757 
0.580 20.594 20.859 20.937 21.031 21.225 21.185 20.945 21.128 21.276 21.497 21.732 22.358 22.885 21.616 
0.614 20.715 20.802 20.888 20.982 21.317 21.161 20.887 21.203 21.108 21.340 21.744 22.262 22.689 21.518 
0.651 20.839 20.920 20.930 20.928 20.976 20.997 20.933 20.970 21.128 21.273 21.759 21.958 22.404 21.434 
0.689 21.013 20.894 20.910 20.891 21.101 21.014 20.892 21.010 21.116 21.253 21.695 21.978 22.122 21.444 
0.730 21.161 20.996 20.906 20.810 21.068 20.974 20.878 20.974 21.071 21.198 21.505 21.706 22.040 21.318 
0.773 21.390 21.192 21.004 20.856 20.969 21.084 20.993 20.948 21.092 21.173 21.465 21.607 21.867 21.295 
0.819 21.553 21.298 21.019 20.953 21.046 21.059 21.053 20.991 21.121 21.171 21.467 21.597 21.783 21.313 
0.868 21.670 21.397 21.160 21.038 21.160 21.130 21.156 21.118 21.184 21.298 21.404 21.480 21.802 21.315 
0.919 21.903 21.598 21.290 21.122 21.149 21.051 21.293 21.098 21.157 21.234 21.400 21.668 22.001 21.309 
0.974 22.124 21.759 21.419 21.191 21.272 21.083 21.391 21.180 21.223 21.215 21.264 21.516 21.898 21.284 
1.032 22.237 21.888 21.500 21.389 21.325 21.272 21.527 21.309 21.398 21.316 21.438 21.514 21.734 21.403 
1.093 22.488 22.076 21.672 21.456 21.436 21.426 21.678 21.430 21.487 21.407 21.469 21.492 21.783 21.464 
1.158 22.695 22.191 21.841 21.570 21.527 21.492 21.807 21.522 21.539 21.532 21.500 21.551 21.851 21.526 
1.226 22.857 22.362 22.046 21.674 21.692 21.596 21.985 21.628 21.690 21.595 21.601 21.651 21.790 21.639 
1.299 23.020 22.448 22.092 21.826 21.791 21.636 22.074 21.734 21.691 21.635 21.576 21.632 21.842 21.633 
1.376 23.265 22.573 22.188 21.911 21.873 21.740 22.179 21.830 21.858 21.696 21.722 21.813 21.851 21.761 
1.458 23.408 22.580 22.215 21.960 21.866 21.758 22.196 21.846 21.796 21.722 21.723 21.812 22.016 21.754 
1.544 23.640 22.669 22.238 21.910 21.854 21.721 22.208 21.809 21.758 21.645 21.703 21.775 21.874 21.726 
1.636 23.864 22.820 22.348 21.958 21.926 21.828 22.304 21.883 21.850 21.675 21.747 21.825 21.958 21.767 
1.733 24.213 22.944 22.408 22.073 22.041 21.927 22.393 22.006 21.907 21.741 21.767 21.848 21.994 21.819 
1.836 24.683 23.186 22.642 22.228 22.126 21.957 22.601 22.075 21.954 21.780 21.850 21.858 22.036 21.858 
1.944 25.103 23.355 22.780 22.313 22.207 22.006 22.734 22.146 21.998 21.815 21.902 22.004 22.066 21.926 
2.060 25.548 23.536 22.837 22.437 22.328 22.089 22.820 22.254 22.081 21.893 21.913 22.061 22.121 21.979 
2.182 26.083 23.815 23.037 22.533 22.387 22.201 22.987 22.341 22.189 21.962 21.991 22.149 22.229 22.065 
2.311 26.921 24.069 23.111 22.647 22.467 22.234 23.096 22.408 22.239 22.052 22.114 22.236 22.285 22.153 
2.448 27.068 24.315 23.266 22.615 22.500 22.326 23.175 22.451 22.270 22.069 22.131 22.217 22.258 22.165 
2.594 28.182 24.592 23.389 22.705 22.487 22.300 23.302 22.448 22.283 22.073 22.192 22.279 22.328 22.204 
2.747 28.722 24.848 23.515 22.813 22.572 22.321 23.431 22.526 22.269 22.101 22.181 22.255 22.351 22.201 
2.910 28.825 24.955 23.585 22.773 22.528 22.379 23.449 22.514 22.307 22.175 22.202 22.347 22.346 22.256 
3.083 29.136 24.938 23.607 22.793 22.486 22.330 23.460 22.482 22.270 22.184 22.239 22.358 22.347 22.260 
3.266 29.307 24.969 23.592 22.709 22.436 22.268 23.409 22.423 22.251 22.187 22.254 22.376 22.404 22.259 
3.459 28.766 24.723 23.435 22.546 22.301 22.211 23.241 22.311 22.173 22.183 22.211 22.293 22.332 22.212 
3.665 28.814 24.823 23.510 22.581 22.295 22.173 23.306 22.298 22.155 22.166 22.173 22.241 22.314 22.183 
3.882 29.239 25.146 23.732 22.681 22.358 22.209 23.471 22.353 22.195 22.176 22.156 22.270 22.319 22.203 
4.112 29.574 25.328 23.853 22.760 22.419 22.246 23.581 22.407 22.249 22.229 22.184 22.236 22.298 22.227 
4.356 30.234 25.421 23.898 22.797 22.453 22.278 23.626 22.448 22.263 22.220 22.189 22.231 22.294 22.226 
4.614 30.794 25.410 23.823 22.781 22.461 22.290 23.579 22.457 22.266 22.196 22.127 22.213 22.245 22.199 
4.888 30.774 25.550 24.038 22.944 22.583 22.381 23.759 22.583 22.330 22.216 22.111 22.196 22.256 22.213 
5.178 31.141 25.879 24.299 23.196 22.778 22.529 24.019 22.770 22.442 22.258 22.158 22.203 22.255 22.269 
5.485 31.893 26.358 24.727 23.591 23.010 22.744 24.439 23.011 22.629 22.336 22.182 22.221 22.266 22.342 
5.810 32.964 26.981 25.194 23.983 23.268 22.991 24.896 23.287 22.807 22.450 22.233 22.217 22.316 22.426 
6.155 33.629 27.435 25.639 24.344 23.492 23.231 25.336 23.524 22.999 22.584 22.297 22.247 22.377 22.529 
6.520 35.145 28.225 26.020 24.705 23.770 23.530 25.775 23.826 23.169 22.717 22.347 22.307 22.433 22.619 
6.906 34.497 28.620 26.298 25.074 24.036 23.744 26.126 24.084 23.304 22.844 22.413 22.349 22.528 22.711 
7.316 34.851 29.032 26.588 25.394 24.386 23.953 26.439 24.396 23.476 22.988 22.531 22.458 22.585 22.841 
7.750 33.792 29.270 26.861 25.750 24.687 24.190 26.727 24.675 23.651 23.115 22.594 22.503 22.653 22.934 
8.210 35.502 29.746 27.331 26.144 25.043 24.504 27.174 25.011 23.888 23.279 22.672 22.562 22.730 23.049 
8.696 39.349 30.140 27.470 26.355 25.313 24.667 27.305 25.259 24.015 23.383 22.755 22.644 22.830 23.140 
9.212 39.673 30.629 27.805 26.660 25.601 24.862 27.612 25.512 24.203 23.564 22.900 22.780 22.969 23.296 
9.759 40.477 31.001 28.253 26.966 25.968 25.030 27.950 25.803 24.404 23.747 23.012 22.878 23.099 23.429 
10.337 38.491 31.863 28.729 27.490 26.309 25.323 28.484 26.139 24.684 23.991 23.222 23.056 23.279 23.640 
10.950 42.946 31.980 29.289 27.954 26.833 25.696 28.971 26.610 25.003 24.266 23.390 23.206 23.386 23.835 
11.600 44.645 32.626 30.106 28.505 27.270 26.143 29.679 27.053 25.432 24.589 23.607 23.394 23.581 24.074 
12.288 41.521 34.188 30.974 29.167 27.715 26.705 30.548 27.563 25.907 24.879 23.833 23.578 23.711 24.310 
13.016 65.966 36.741 31.542 29.636 28.093 27.055 31.145 27.926 26.235 25.102 24.079 23.769 23.901 24.530 
13.788 72.322 34.950 32.515 29.985 28.230 27.349 31.850 28.167 26.486 25.288 24.316 23.969 24.003 24.740 
14.606 89.213 38.447 32.522 30.633 28.548 27.708 32.290 28.560 26.775 25.476 24.526 24.169 24.145 24.942 
15.472 85.928 41.739 33.646 30.799 28.685 27.969 33.034 28.751 26.983 25.600 24.762 24.419 24.252 25.159 
16.390 nan 42.699 33.858 31.279 28.979 28.284 33.209 29.042 27.263 25.728 24.944 24.770 24.379 25.394 
17.362 90.160 38.780 35.626 32.097 29.482 28.756 34.776 29.518 27.482 25.877 25.126 25.008 24.495 25.571 
18.392 nan 50.342 34.540 32.643 30.033 29.489 34.460 30.226 27.846 26.021 25.309 25.195 24.570 25.747 
19.482 nan 61.430 36.435 33.189 30.419 29.722 35.526 30.570 28.116 26.148 25.426 25.371 24.674 25.888 
20.638 nan 59.556 39.493 34.706 30.671 30.001 36.783 30.840 28.321 26.326 25.562 25.542 24.823 26.026 
21.862 93.903 nan 39.235 34.195 31.579 30.561 36.728 31.657 28.585 26.536 25.718 25.789 24.919 26.218 
23.158 nan nan 39.688 36.709 31.905 30.922 40.237 31.970 28.958 26.762 25.859 25.891 25.035 26.367 
24.532 nan 85.824 38.373 35.825 32.602 31.716 38.747 32.647 29.239 26.978 26.030 26.048 25.160 26.540 
25.987 nan 86.971 nan 37.317 33.537 31.849 41.056 33.653 29.668 27.289 26.230 26.263 25.390 26.768 
27.528 100.336 87.297 nan 36.656 33.968 31.958 40.406 33.382 30.039 27.522 26.506 26.567 25.625 27.053 
29.160 99.513 nan 60.999 38.083 33.917 32.150 39.593 33.665 30.472 27.909 26.856 26.963 25.971 27.423 
30.890 inf inf inf inf inf inf inf inf inf inf inf inf inf inf 
