# t[days] lsstu lsstg lsstr lssti lsstz lssty f062 f087 f106 f129 f158 f184 f213 f146 
0.103 25.503 24.515 27.067 27.713 28.695 29.612 25.762 28.257 28.552 27.952 29.319 33.789 33.866 28.956 
0.109 21.107 21.454 23.195 24.760 26.127 27.576 23.059 26.243 25.565 28.089 25.845 26.390 32.006 26.054 
0.116 20.926 20.702 22.623 24.305 22.388 23.369 21.498 22.919 24.406 22.849 25.903 30.225 32.106 23.807 
0.122 20.900 20.285 20.639 21.355 21.528 23.630 20.530 21.989 22.570 20.532 23.983 27.490 27.674 21.636 
0.130 19.963 20.743 20.549 21.450 23.906 23.149 20.993 22.018 21.447 25.557 26.799 28.042 29.057 22.668 
0.137 19.771 20.457 20.571 22.603 21.340 22.339 20.784 21.994 22.085 24.613 25.225 24.139 29.190 23.154 
0.145 19.897 20.288 20.488 21.476 22.581 23.384 20.537 22.279 23.772 21.917 23.674 24.497 24.824 22.772 
0.154 19.617 20.461 20.889 21.589 22.396 23.704 20.998 22.299 24.543 21.413 23.944 27.925 26.848 22.507 
0.163 19.813 20.570 21.312 21.071 22.438 22.879 21.370 21.741 22.633 21.430 23.122 23.824 24.314 22.248 
0.173 19.886 20.356 20.989 20.962 22.327 22.060 20.831 21.647 22.549 23.479 25.034 23.929 22.016 23.329 
0.183 19.633 20.090 20.728 21.161 22.412 21.871 20.681 22.020 21.767 22.184 22.599 23.398 21.050 22.262 
0.194 19.771 20.324 20.669 20.965 21.228 22.841 20.604 21.430 22.273 22.853 23.186 23.963 26.822 22.908 
0.206 20.018 20.455 21.316 22.481 21.679 22.535 21.302 21.970 22.783 22.443 22.961 24.201 25.465 22.935 
0.218 19.930 20.475 21.187 21.385 21.102 21.264 21.087 21.183 22.122 22.342 21.747 24.016 23.967 22.132 
0.231 19.949 20.534 20.968 21.507 21.601 21.851 20.966 21.829 22.291 23.087 24.759 23.825 23.624 23.030 
0.244 19.953 20.583 21.062 21.493 22.029 22.430 21.063 21.943 22.421 22.726 22.205 24.199 24.375 22.529 
0.259 20.135 20.651 21.341 21.263 21.411 22.161 21.209 21.543 22.087 21.942 22.497 22.560 23.784 22.257 
0.274 19.878 20.617 20.898 21.719 22.173 22.062 21.007 22.015 21.822 21.906 22.422 23.435 23.881 22.353 
0.290 19.951 20.725 21.048 21.755 21.507 22.258 21.176 21.720 22.040 22.825 23.510 23.436 23.772 22.710 
0.308 20.096 20.774 21.222 21.715 21.473 21.535 21.279 21.550 21.873 22.397 23.040 24.370 23.751 22.503 
0.326 20.093 20.624 21.291 21.224 21.230 21.872 21.157 21.415 21.796 22.049 22.547 22.530 24.382 22.091 
0.345 20.293 20.544 21.170 21.518 21.696 22.396 21.122 21.687 21.932 22.187 22.353 22.935 23.660 22.315 
0.366 20.359 20.734 21.227 21.275 21.758 21.947 21.149 21.676 21.973 22.206 22.073 22.567 23.870 22.129 
0.387 20.312 20.803 21.067 21.443 21.455 21.697 21.111 21.498 21.890 21.794 22.610 23.306 23.525 22.189 
0.410 20.401 20.877 21.250 21.409 21.232 21.570 21.241 21.334 21.918 21.984 22.491 22.942 23.784 22.221 
0.435 20.542 20.829 21.046 21.235 21.586 21.685 21.053 21.534 21.827 22.068 22.078 22.207 23.267 22.090 
0.461 20.469 20.630 20.995 21.252 21.668 21.621 20.982 21.513 21.703 21.665 21.777 22.275 22.404 21.796 
0.488 20.516 20.792 21.004 21.095 21.273 21.547 20.992 21.265 21.549 21.437 22.087 22.332 23.307 21.775 
0.517 20.593 20.753 20.917 21.282 21.371 21.383 20.924 21.378 21.455 21.515 22.190 22.744 22.238 21.785 
0.547 20.588 20.825 20.898 21.135 21.321 21.285 20.941 21.264 21.346 21.657 21.960 22.560 22.536 21.747 
0.580 20.801 20.841 20.911 21.035 21.037 21.072 20.923 21.072 21.167 21.257 21.600 22.182 22.266 21.438 
0.614 20.921 20.926 20.972 21.001 21.123 21.046 20.946 21.078 21.183 21.399 21.664 22.218 22.247 21.497 
0.651 21.206 20.960 20.806 20.903 21.070 21.108 20.836 21.037 21.030 21.255 21.620 21.818 22.279 21.384 
0.689 21.412 21.008 20.950 20.912 20.949 21.067 20.925 20.974 21.143 21.313 21.547 21.826 22.017 21.411 
0.730 21.571 21.163 21.000 20.966 21.035 21.014 20.987 21.029 21.073 21.244 21.619 21.754 22.101 21.356 
0.773 21.893 21.349 21.126 21.018 20.947 21.095 21.130 20.996 21.129 21.163 21.473 21.896 22.023 21.353 
0.819 22.137 21.489 21.234 21.007 20.994 21.126 21.207 21.008 21.158 21.123 21.361 21.725 21.826 21.305 
0.868 22.415 21.701 21.411 21.195 21.162 21.252 21.410 21.153 21.240 21.234 21.402 21.473 21.671 21.324 
0.919 22.624 21.856 21.465 21.285 21.247 21.208 21.477 21.224 21.244 21.228 21.307 21.447 21.835 21.292 
0.974 22.834 21.989 21.579 21.330 21.302 21.333 21.562 21.289 21.395 21.278 21.383 21.640 21.818 21.407 
1.032 23.142 22.219 21.760 21.573 21.355 21.435 21.770 21.423 21.470 21.320 21.387 21.553 21.805 21.433 
1.093 23.440 22.477 21.960 21.691 21.521 21.576 21.972 21.523 21.616 21.392 21.439 21.611 21.815 21.511 
1.158 23.828 22.648 22.128 21.769 21.602 21.664 22.090 21.632 21.734 21.587 21.471 21.554 21.798 21.590 
1.226 24.019 22.821 22.229 21.927 21.735 21.764 22.243 21.749 21.801 21.637 21.602 21.707 21.963 21.690 
1.299 24.429 22.978 22.398 22.064 21.915 21.933 22.381 21.943 21.910 21.637 21.638 21.708 21.951 21.735 
1.376 24.918 23.259 22.549 22.162 22.032 21.907 22.549 21.987 21.952 21.772 21.686 21.781 21.947 21.797 
1.458 25.153 23.367 22.634 22.221 22.012 22.129 22.629 22.054 22.073 21.788 21.740 21.793 21.998 21.861 
1.544 25.219 23.518 22.745 22.334 22.094 22.123 22.749 22.126 22.094 21.850 21.755 21.859 22.050 21.886 
1.636 25.671 23.770 22.938 22.408 22.275 22.259 22.898 22.265 22.229 21.856 21.827 21.877 22.074 21.953 
1.733 26.045 23.885 22.960 22.559 22.413 22.325 22.998 22.375 22.256 21.951 21.876 21.973 22.070 22.016 
1.836 26.630 24.042 23.123 22.727 22.467 22.413 23.138 22.479 22.361 21.982 21.933 22.074 22.111 22.084 
1.944 26.926 24.371 23.303 22.817 22.521 22.508 23.331 22.550 22.409 22.106 22.068 22.113 22.084 22.177 
2.060 27.520 24.693 23.515 22.994 22.683 22.647 23.539 22.690 22.538 22.171 22.057 22.272 22.320 22.257 
2.182 28.048 24.949 23.770 23.227 22.870 22.688 23.782 22.853 22.600 22.216 22.132 22.240 22.272 22.301 
2.311 28.888 25.362 23.950 23.379 22.918 22.790 23.989 22.940 22.678 22.328 22.186 22.348 22.408 22.389 
2.448 29.124 25.898 24.302 23.533 23.043 22.873 24.288 23.057 22.760 22.405 22.274 22.442 22.370 22.464 
2.594 30.285 26.291 24.526 23.781 23.275 23.032 24.525 23.283 22.867 22.421 22.305 22.463 22.480 22.505 
2.747 28.932 26.584 24.851 23.928 23.357 23.132 24.803 23.371 22.931 22.496 22.355 22.554 22.467 22.572 
2.910 31.663 26.972 25.239 24.164 23.548 23.195 25.064 23.569 23.026 22.618 22.373 22.604 22.522 22.642 
3.083 32.781 27.161 25.415 24.272 23.618 23.265 25.185 23.660 23.054 22.644 22.381 22.599 22.556 22.660 
3.266 33.149 27.355 25.618 24.358 23.780 23.238 25.330 23.740 23.092 22.740 22.392 22.644 22.538 22.699 
3.459 30.928 27.677 25.913 24.470 23.824 23.215 25.487 23.795 23.078 22.769 22.332 22.532 22.577 22.656 
3.665 33.100 27.740 26.069 24.499 23.902 23.349 25.590 23.883 23.141 22.804 22.319 22.510 22.486 22.668 
3.882 32.221 27.780 26.062 24.558 23.937 23.349 25.651 23.894 23.140 22.825 22.303 22.476 22.505 22.662 
4.112 32.666 27.805 26.314 24.621 24.022 23.388 25.750 23.977 23.177 22.823 22.287 22.445 22.499 22.657 
4.356 33.857 27.966 26.490 24.619 23.965 23.350 25.788 23.949 23.143 22.831 22.268 22.396 22.440 22.629 
4.614 36.499 28.069 26.400 24.706 24.066 23.415 25.836 24.017 23.169 22.837 22.241 22.347 22.385 22.612 
4.888 37.408 28.375 26.619 24.791 24.093 23.466 25.984 24.072 23.169 22.870 22.222 22.304 22.371 22.606 
5.178 36.866 28.716 26.892 24.939 24.306 23.620 26.144 24.278 23.256 22.895 22.232 22.344 22.418 22.638 
5.485 37.515 28.922 27.205 25.203 24.571 23.790 26.409 24.494 23.382 22.974 22.258 22.313 22.401 22.673 
5.810 37.742 29.393 27.666 25.510 24.776 23.969 26.815 24.698 23.532 23.094 22.314 22.365 22.430 22.760 
6.155 49.109 30.389 28.205 25.923 25.091 24.247 27.258 24.997 23.723 23.243 22.376 22.392 22.489 22.846 
6.520 42.667 31.096 28.928 26.490 25.507 24.631 27.990 25.441 23.925 23.421 22.473 22.450 22.547 22.958 
6.906 52.731 31.560 29.869 27.129 26.004 24.957 28.666 25.855 24.172 23.632 22.590 22.517 22.661 23.087 
7.316 nan 33.201 30.597 27.748 26.506 25.380 29.383 26.337 24.418 23.821 22.696 22.573 22.729 23.202 
7.750 60.956 34.788 31.393 28.265 27.007 25.812 29.790 26.860 24.643 23.936 22.772 22.617 22.805 23.292 
8.210 71.810 33.839 31.929 28.748 27.401 26.158 30.389 27.209 24.879 24.100 22.867 22.695 22.885 23.401 
8.696 60.952 36.094 31.934 28.995 27.658 26.357 30.641 27.470 25.025 24.207 22.942 22.740 22.926 23.472 
9.212 68.392 38.073 33.128 29.505 27.987 26.604 30.965 27.822 25.207 24.318 23.044 22.836 23.040 23.577 
9.759 66.961 37.334 33.392 29.651 28.377 26.829 31.290 28.157 25.370 24.492 23.188 22.942 23.173 23.710 
10.337 69.871 37.136 33.474 30.178 28.690 27.126 31.661 28.430 25.581 24.629 23.353 23.114 23.319 23.876 
10.950 72.163 37.041 33.370 30.530 28.967 27.355 31.931 28.709 25.782 24.827 23.500 23.226 23.448 24.017 
11.600 62.804 36.589 34.752 30.902 29.523 27.870 32.509 29.240 26.168 25.080 23.691 23.432 23.624 24.230 
12.288 66.120 38.391 35.045 31.266 29.899 28.145 32.993 29.499 26.466 25.307 23.914 23.615 23.755 24.435 
13.016 77.143 42.048 37.619 31.551 29.916 28.691 33.569 29.855 26.773 25.522 24.146 23.785 23.909 24.639 
13.788 79.839 36.606 36.096 31.502 29.957 28.624 33.668 29.795 26.966 25.639 24.380 23.970 24.004 24.824 
14.606 nan 43.095 35.596 31.848 29.941 28.934 33.671 29.884 27.162 25.766 24.586 24.197 24.144 25.032 
15.472 96.381 41.896 35.656 31.450 29.446 28.801 33.990 29.578 27.287 25.783 24.801 24.462 24.268 25.228 
16.390 nan 46.406 35.317 31.840 29.570 28.759 34.099 29.594 27.417 25.830 24.982 24.759 24.357 25.423 
17.362 81.841 40.501 35.490 32.348 29.794 28.947 34.409 29.831 27.555 25.936 25.159 24.988 24.512 25.594 
18.392 89.581 nan 34.854 32.678 30.013 29.482 35.072 30.204 27.820 26.028 25.290 25.176 24.546 25.728 
19.482 103.540 nan 35.617 32.990 30.531 29.713 35.290 30.634 28.113 26.180 25.430 25.342 24.669 25.884 
20.638 111.026 nan 40.008 33.712 30.719 30.121 37.363 30.859 28.342 26.309 25.556 25.531 24.794 26.021 
21.862 nan 71.949 39.072 34.388 31.676 30.615 37.223 31.730 28.649 26.544 25.682 25.747 24.936 26.190 
23.158 nan nan 39.762 35.640 31.963 30.737 40.034 31.830 28.943 26.761 25.870 25.901 25.005 26.368 
24.532 nan 86.575 38.568 35.869 32.935 31.570 38.571 32.759 29.282 27.027 26.032 26.037 25.168 26.544 
25.987 nan 87.157 nan 36.343 33.383 32.227 37.737 33.478 29.755 27.294 26.224 26.241 25.355 26.755 
27.528 nan 89.851 56.067 36.594 33.672 31.839 38.708 33.153 30.029 27.566 26.483 26.545 25.665 27.039 
29.160 nan nan nan 44.349 34.357 32.329 45.293 33.954 30.576 27.928 26.874 26.953 25.934 27.431 
30.890 inf inf inf inf inf inf inf inf inf inf inf inf inf inf 
