# t[days] lsstu lsstg lsstr lssti lsstz lssty f062 f087 f106 f129 f158 f184 f213 f146 
0.103 22.136 22.740 22.585 23.920 22.595 22.977 22.754 22.790 23.868 23.772 30.573 36.114 37.604 24.305 
0.109 19.140 18.957 20.365 21.817 19.315 23.842 19.854 20.029 24.875 24.798 30.535 47.651 30.432 25.331 
0.116 18.614 20.231 20.243 22.512 18.935 22.328 20.597 19.751 23.119 24.035 24.256 25.773 29.419 23.831 
0.122 19.168 18.958 20.476 18.986 18.856 21.286 19.433 19.574 19.855 20.781 20.087 19.608 19.259 20.344 
0.130 18.744 19.094 19.531 20.059 19.532 21.568 19.742 19.817 21.165 22.559 22.299 24.120 21.541 22.007 
0.137 19.107 19.559 20.197 19.540 19.584 21.230 19.644 20.128 21.507 19.997 20.837 19.903 20.582 20.462 
0.145 18.434 19.371 18.765 21.496 21.556 19.805 19.102 20.979 20.067 18.774 23.433 22.960 25.866 19.808 
0.154 19.316 19.560 18.849 19.649 20.423 20.317 19.168 20.057 20.492 19.684 22.538 21.572 25.900 20.413 
0.163 18.761 18.975 19.280 20.269 19.951 21.660 19.402 20.370 21.902 19.796 20.042 22.522 22.768 20.811 
0.173 18.568 18.863 19.313 19.681 22.335 22.101 19.131 20.878 21.024 20.137 20.896 22.416 23.800 21.076 
0.183 18.954 19.327 19.041 20.073 20.221 21.173 19.329 20.654 20.986 19.801 19.496 21.067 23.361 20.243 
0.194 19.423 19.329 20.089 19.799 20.021 20.915 19.668 20.237 20.348 20.009 21.664 20.482 20.437 20.526 
0.206 18.805 19.681 19.391 19.444 19.804 20.422 19.491 19.729 20.870 20.555 21.631 21.966 20.981 21.012 
0.218 19.382 19.200 19.410 19.932 19.273 19.987 19.472 19.587 20.414 20.921 21.062 19.854 22.347 20.504 
0.231 19.252 19.303 19.600 19.115 19.721 20.688 19.294 19.843 19.930 20.796 21.370 19.342 20.464 20.052 
0.244 19.030 19.371 19.578 20.039 19.671 19.466 19.702 19.695 19.347 19.903 20.368 21.036 20.364 20.003 
0.259 19.379 19.715 19.890 20.119 20.825 20.640 19.916 20.633 19.929 20.865 22.062 21.223 21.821 20.684 
0.274 19.234 19.475 19.405 19.965 20.184 20.249 19.586 20.081 20.650 20.653 21.746 21.631 21.105 21.004 
0.290 19.347 19.334 20.070 20.007 20.284 20.239 19.926 20.240 20.478 20.175 21.329 23.037 21.650 20.723 
0.308 19.627 19.487 20.015 19.615 20.618 20.815 19.806 20.314 20.503 20.246 21.318 22.224 22.060 20.885 
0.326 19.675 19.465 19.892 19.903 20.284 20.258 19.816 20.000 20.569 21.206 21.650 21.596 22.015 21.109 
0.345 19.796 19.776 20.090 19.899 20.464 21.036 20.007 20.388 21.102 21.418 21.302 21.363 21.922 21.249 
0.366 19.614 19.931 19.940 20.084 19.929 21.315 20.053 20.151 20.999 21.214 20.571 21.806 20.978 20.929 
0.387 19.806 20.037 20.521 20.802 20.669 20.919 20.462 20.769 21.110 20.799 21.315 21.117 21.518 21.024 
0.410 19.963 20.141 20.596 20.133 20.580 20.513 20.493 20.248 21.049 21.086 21.065 20.856 21.132 21.083 
0.435 20.183 20.082 20.236 20.496 20.670 20.308 20.230 20.502 20.633 20.982 21.478 21.488 21.301 21.061 
0.461 20.089 20.089 20.302 20.620 20.705 20.643 20.301 20.662 20.790 20.951 20.409 20.629 21.797 20.770 
0.488 20.265 20.166 20.468 20.422 20.392 21.262 20.357 20.611 21.124 21.263 20.901 20.314 20.459 20.872 
0.517 20.396 20.400 20.549 20.529 20.832 20.609 20.547 20.645 20.724 20.892 20.769 21.315 20.961 20.874 
0.547 20.516 20.250 20.452 20.598 20.880 20.526 20.410 20.760 20.643 20.712 21.012 21.127 20.856 20.818 
0.580 20.538 20.506 20.568 20.538 20.773 20.965 20.543 20.749 20.849 20.767 21.132 21.034 21.349 20.929 
0.614 21.000 20.528 20.816 20.511 20.237 21.159 20.667 20.494 21.032 20.949 20.684 20.859 21.013 20.901 
0.651 20.982 20.649 20.410 20.709 20.843 20.891 20.533 20.802 20.777 20.443 20.737 21.118 20.740 20.731 
0.689 21.013 20.667 20.738 20.696 20.737 20.808 20.696 20.716 20.856 20.706 20.954 20.876 21.142 20.825 
0.730 21.024 20.722 20.598 20.757 20.527 20.662 20.661 20.611 20.647 20.844 21.051 20.967 20.824 20.869 
0.773 21.193 20.807 20.668 20.688 20.409 20.750 20.710 20.537 20.685 20.910 20.669 20.757 20.637 20.756 
0.819 21.409 20.839 20.723 20.663 20.574 20.468 20.696 20.496 20.616 20.785 20.818 20.644 20.825 20.697 
0.868 21.740 20.947 20.816 20.680 20.460 20.711 20.773 20.561 20.806 20.660 20.509 20.566 20.737 20.654 
0.919 21.708 21.091 20.910 20.650 20.671 20.659 20.845 20.660 20.725 20.703 20.666 20.633 20.877 20.689 
0.974 22.071 21.147 21.015 20.962 20.663 20.664 20.996 20.702 20.832 20.803 20.808 21.000 21.107 20.844 
1.032 22.417 21.461 21.120 20.898 20.701 20.924 21.122 20.778 20.878 20.956 20.810 20.870 21.047 20.891 
1.093 22.371 21.513 21.241 20.986 20.844 20.852 21.207 20.832 20.875 20.755 20.773 20.729 21.001 20.793 
1.158 22.574 21.550 21.196 20.957 20.769 20.775 21.158 20.798 20.960 20.853 20.709 20.859 20.842 20.834 
1.226 23.175 21.796 21.252 21.165 20.672 20.832 21.294 20.790 20.853 20.820 20.738 20.647 20.932 20.794 
1.299 23.033 21.962 21.354 21.190 21.018 20.837 21.401 20.953 20.976 20.709 20.588 20.577 20.621 20.730 
1.376 23.371 22.143 21.568 21.166 20.941 20.867 21.543 20.932 20.887 20.686 20.632 20.625 20.664 20.714 
1.458 23.691 22.566 21.713 21.390 20.953 20.950 21.782 20.980 20.957 20.835 20.625 20.552 20.735 20.746 
1.544 23.931 22.613 21.772 21.541 21.107 21.075 21.837 21.162 20.967 20.716 20.689 20.571 20.627 20.740 
1.636 24.077 22.810 21.811 21.567 21.185 21.084 21.896 21.214 21.029 20.843 20.714 20.504 20.757 20.785 
1.733 24.471 23.054 22.053 21.752 21.245 21.353 22.129 21.353 21.151 20.821 20.747 20.615 20.780 20.844 
1.836 24.811 23.085 22.134 21.731 21.399 21.286 22.156 21.400 21.197 20.912 20.729 20.671 20.708 20.891 
1.944 24.768 23.497 22.424 22.008 21.443 21.397 22.490 21.494 21.326 21.022 20.779 20.691 20.826 20.955 
2.060 25.070 23.996 22.607 22.140 21.579 21.679 22.726 21.665 21.385 21.010 20.879 20.768 20.680 21.012 
2.182 25.571 24.094 22.804 22.321 21.653 21.577 22.860 21.733 21.428 21.030 20.846 20.767 20.709 21.023 
2.311 26.630 24.358 22.956 22.565 21.830 21.679 23.039 21.916 21.539 21.105 20.926 20.885 20.805 21.109 
2.448 26.510 24.504 23.116 22.628 21.880 21.863 23.209 21.984 21.692 21.191 20.927 20.865 20.775 21.159 
2.594 26.784 24.771 23.274 22.872 22.144 21.950 23.352 22.192 21.786 21.227 21.062 20.916 20.799 21.233 
2.747 27.144 25.061 23.376 22.838 22.356 22.041 23.438 22.316 21.794 21.315 21.045 21.038 20.882 21.292 
2.910 27.662 25.295 23.660 23.051 22.347 22.149 23.672 22.422 21.905 21.330 21.098 20.942 20.867 21.301 
3.083 28.048 25.578 23.781 23.090 22.488 22.293 23.863 22.516 22.018 21.384 21.123 20.988 20.896 21.351 
3.266 28.534 25.557 23.985 23.336 22.645 22.394 24.033 22.676 22.056 21.386 21.056 20.985 20.888 21.336 
3.459 29.084 25.950 24.064 23.401 22.772 22.346 24.124 22.754 22.091 21.433 21.060 20.982 20.909 21.349 
3.665 28.736 26.269 24.303 23.592 22.943 22.588 24.293 22.970 22.201 21.510 21.112 21.017 20.999 21.409 
3.882 28.315 26.729 24.670 23.742 23.151 22.800 24.617 23.177 22.316 21.600 21.076 21.034 20.993 21.437 
4.112 29.321 27.089 25.057 23.958 23.362 22.919 24.932 23.373 22.447 21.612 21.020 21.035 21.025 21.441 
4.356 31.335 27.722 25.178 24.277 23.572 22.935 25.114 23.518 22.490 21.642 21.048 21.067 21.071 21.478 
4.614 32.977 28.055 25.720 24.378 23.780 23.198 25.502 23.757 22.595 21.719 21.073 21.050 21.134 21.508 
4.888 32.825 28.129 26.151 24.643 24.010 23.329 25.836 23.949 22.719 21.753 21.026 21.084 21.154 21.516 
5.178 33.680 29.175 26.233 24.850 24.314 23.559 26.000 24.209 22.858 21.812 21.039 21.042 21.116 21.532 
5.485 35.171 29.151 26.832 25.158 24.447 23.599 26.349 24.366 22.961 21.948 21.028 21.033 21.175 21.567 
5.810 37.042 29.609 26.896 25.214 24.605 23.777 26.499 24.472 23.126 21.964 21.043 21.114 21.208 21.615 
6.155 47.806 30.039 27.147 25.565 24.777 23.829 26.888 24.623 23.179 22.074 21.085 21.097 21.182 21.640 
6.520 42.813 30.340 27.392 25.506 24.924 23.958 26.918 24.727 23.267 22.092 21.024 21.056 21.229 21.612 
6.906 37.450 30.759 28.140 25.744 25.075 24.155 27.308 24.938 23.352 22.162 21.068 21.092 21.193 21.655 
7.316 59.204 31.220 28.514 26.029 25.258 24.243 27.721 25.068 23.494 22.207 21.074 21.055 21.231 21.665 
7.750 nan 31.848 28.969 26.179 25.556 24.451 27.941 25.303 23.630 22.299 21.073 21.062 21.231 21.682 
8.210 68.351 32.136 28.947 26.850 25.723 24.612 28.447 25.575 23.748 22.436 21.113 21.099 21.309 21.743 
8.696 75.541 31.682 29.041 26.972 26.067 24.800 28.514 25.805 23.931 22.532 21.131 21.067 21.300 21.760 
9.212 nan 32.964 30.546 26.958 26.264 24.812 28.840 25.856 24.044 22.605 21.209 21.080 21.365 21.817 
9.759 79.837 35.941 30.475 27.824 26.436 25.038 29.482 26.078 24.274 22.698 21.281 21.147 21.429 21.899 
10.337 nan 33.784 30.436 28.382 26.806 25.376 30.225 26.454 24.447 22.801 21.359 21.173 21.530 21.962 
10.950 87.022 51.921 31.766 28.393 27.166 25.607 30.022 26.768 24.669 22.929 21.423 21.222 21.592 22.033 
11.600 88.467 42.822 31.672 28.896 27.608 25.996 30.691 27.253 24.917 23.056 21.558 21.310 21.681 22.149 
12.288 88.688 56.342 36.486 29.411 27.775 26.013 31.208 27.321 25.106 23.162 21.636 21.390 21.784 22.239 
13.016 91.625 42.910 34.349 30.159 28.149 26.552 31.852 27.763 25.351 23.282 21.753 21.490 21.921 22.354 
13.788 92.702 73.225 34.808 31.066 28.024 27.071 33.570 28.124 25.554 23.429 21.882 21.574 22.044 22.466 
14.606 93.691 nan 36.584 32.377 28.517 27.009 34.628 28.407 25.722 23.579 21.998 21.695 22.245 22.597 
15.472 nan 64.361 43.124 30.625 29.485 27.664 32.962 29.059 26.075 23.721 22.110 21.803 22.357 22.708 
16.390 97.296 nan 37.594 32.900 29.695 27.804 34.326 29.271 26.404 23.872 22.244 21.925 22.511 22.845 
17.362 97.851 nan 38.752 31.575 29.550 28.329 34.767 29.434 26.581 24.038 22.423 22.079 22.662 23.007 
18.392 nan 86.550 45.222 31.167 30.272 28.743 34.872 30.046 26.758 24.214 22.601 22.242 22.808 23.184 
19.482 nan nan 32.699 37.614 30.347 28.850 33.321 30.156 27.094 24.506 22.867 22.461 22.852 23.422 
20.638 103.487 75.771 45.672 37.693 31.603 28.921 44.868 30.614 27.399 24.668 23.148 22.708 22.965 23.670 
21.862 103.215 58.826 35.526 32.704 30.569 28.967 35.325 30.009 27.171 24.725 23.388 22.907 23.021 23.862 
23.158 106.595 44.144 39.543 32.014 29.298 28.478 34.529 29.399 26.571 24.606 23.516 23.100 23.069 23.974 
24.532 105.044 46.821 34.946 31.157 29.375 28.207 33.620 29.300 26.424 24.612 23.771 23.412 23.164 24.192 
25.987 106.886 nan 36.643 32.206 29.806 28.493 34.564 29.723 26.613 24.779 24.002 23.700 23.301 24.431 
27.528 nan 87.784 40.332 33.064 30.184 28.842 35.763 30.000 26.917 25.018 24.147 23.885 23.406 24.612 
29.160 108.032 88.581 45.235 33.330 31.381 29.327 37.973 30.730 27.293 25.282 24.361 24.107 23.570 24.846 
30.890 inf inf inf inf inf inf inf inf inf inf inf inf inf inf 
