# t[days] lsstu lsstg lsstr lssti lsstz lssty f062 f087 f106 f129 f158 f184 f213 f146 
0 99 99 99 99 99 99 99 99 99 99 99 99 99 99
0.103 26.521 26.540 27.521 27.714 28.722 29.438 27.503 29.097 29.306 31.639 29.772 30.060 32.814 29.973 
0.109 22.993 23.245 24.132 25.378 23.195 27.881 24.035 23.957 27.976 29.039 32.461 27.736 29.892 28.342 
0.116 22.924 23.110 22.519 25.366 26.152 25.558 22.987 26.065 26.021 24.909 26.965 29.095 32.645 25.753 
0.122 21.828 22.794 22.422 23.319 24.211 25.729 22.711 24.002 24.446 24.149 28.845 27.967 28.860 24.995 
0.130 21.888 22.298 22.366 23.156 23.380 24.074 22.390 23.701 24.351 22.591 22.956 30.149 29.531 23.600 
0.137 22.065 22.354 22.215 23.565 24.150 23.129 22.459 23.674 23.858 23.827 24.830 26.170 26.056 24.280 
0.145 21.622 22.284 22.407 22.876 23.510 25.180 22.508 23.546 25.036 24.444 26.414 26.053 26.948 25.171 
0.154 21.526 22.030 22.910 22.716 24.221 24.911 22.546 24.415 25.471 24.183 26.307 27.775 27.651 25.040 
0.163 21.803 22.043 23.050 22.591 23.169 24.399 22.624 23.345 24.345 23.559 23.391 25.703 26.103 23.796 
0.173 21.535 22.121 22.792 23.250 23.864 24.467 22.686 23.927 24.341 25.065 25.571 26.357 24.745 25.008 
0.183 21.761 21.893 22.624 23.253 23.236 25.192 22.521 23.657 24.454 24.769 25.505 25.631 27.341 25.008 
0.194 21.562 22.297 22.572 22.924 23.136 23.266 22.634 23.095 23.612 23.669 24.207 25.788 25.073 24.018 
0.206 21.698 22.347 22.699 24.210 24.171 23.257 22.844 23.950 23.664 24.400 24.192 24.986 26.358 24.151 
0.218 21.702 22.453 23.085 23.081 23.599 23.492 23.018 23.348 24.121 24.822 24.533 25.399 25.600 24.582 
0.231 21.785 22.221 23.013 23.611 23.634 23.927 22.915 23.675 23.789 24.372 25.528 24.530 25.011 24.305 
0.244 21.804 22.237 22.967 23.201 23.449 24.017 22.865 23.527 23.780 24.708 24.877 24.782 25.771 24.472 
0.259 21.698 22.443 23.144 23.509 23.281 23.987 22.986 23.573 23.719 23.474 23.778 24.009 25.187 23.711 
0.274 21.831 22.493 23.019 23.538 23.362 23.888 23.042 23.549 24.250 24.509 24.466 25.320 25.453 24.454 
0.290 21.830 22.413 23.150 23.388 23.847 23.671 23.095 23.753 23.698 23.960 24.399 24.901 25.398 24.123 
0.308 21.905 22.449 23.020 23.407 23.802 23.816 23.006 23.794 23.929 24.270 24.748 25.000 25.254 24.344 
0.326 21.969 22.384 23.069 23.339 23.426 23.327 22.976 23.353 23.831 24.035 24.803 24.962 24.605 24.220 
0.345 22.135 22.621 23.035 23.371 23.754 23.634 22.992 23.651 23.762 24.030 24.586 24.823 25.853 24.217 
0.366 22.090 22.655 23.127 23.470 23.364 23.733 23.080 23.486 23.962 24.028 24.433 25.137 26.091 24.239 
0.387 22.180 22.624 22.952 23.198 23.317 23.436 22.945 23.286 23.736 24.245 24.256 24.589 25.265 24.088 
0.410 22.213 22.705 23.062 23.375 23.629 23.498 23.103 23.470 23.724 23.926 23.985 24.042 24.833 23.854 
0.435 22.236 22.658 23.085 23.405 23.421 23.577 23.046 23.525 23.561 23.706 24.004 24.151 24.655 23.771 
0.461 22.344 22.656 22.849 23.206 23.519 23.612 22.887 23.447 23.707 23.652 23.965 24.446 24.577 23.874 
0.488 22.440 22.776 22.999 23.116 23.311 23.547 22.998 23.319 23.662 23.745 23.937 24.118 24.461 23.828 
0.517 22.457 22.789 22.917 23.252 23.185 23.444 22.977 23.273 23.510 23.554 23.709 24.119 24.574 23.674 
0.547 22.541 22.841 22.873 23.070 23.151 23.157 22.936 23.156 23.196 23.566 23.714 24.302 24.676 23.585 
0.580 22.650 22.834 22.890 23.091 23.135 23.227 22.933 23.189 23.311 23.339 23.587 24.191 24.425 23.515 
0.614 22.890 22.924 22.939 23.006 23.066 23.202 22.941 23.103 23.147 23.269 23.602 23.777 24.550 23.393 
0.651 23.059 22.962 22.865 22.952 22.903 22.969 22.904 22.924 23.087 23.283 23.668 23.639 24.117 23.367 
0.689 23.277 23.120 22.996 22.929 23.009 23.137 23.004 23.009 23.137 23.169 23.451 23.770 24.193 23.323 
0.730 23.448 23.259 22.997 22.956 22.891 23.110 23.041 22.929 23.065 23.197 23.466 23.650 23.773 23.314 
0.773 23.696 23.438 23.089 23.093 22.961 23.152 23.149 23.056 23.156 23.201 23.361 23.723 23.970 23.319 
0.819 23.950 23.578 23.217 23.179 22.963 23.083 23.264 23.027 23.160 23.213 23.227 23.526 23.617 23.261 
0.868 24.065 23.727 23.321 23.249 23.177 23.096 23.386 23.151 23.089 23.215 23.322 23.561 23.560 23.267 
0.919 24.269 23.833 23.450 23.338 23.223 23.175 23.480 23.221 23.213 23.282 23.328 23.521 23.674 23.326 
0.974 24.524 24.077 23.609 23.440 23.222 23.340 23.649 23.292 23.292 23.298 23.360 23.435 23.634 23.333 
1.032 24.709 24.181 23.768 23.591 23.402 23.369 23.783 23.432 23.435 23.428 23.314 23.435 23.669 23.407 
1.093 24.931 24.349 23.883 23.677 23.484 23.447 23.879 23.539 23.461 23.524 23.438 23.574 23.639 23.489 
1.158 25.106 24.519 23.991 23.808 23.571 23.625 24.017 23.631 23.615 23.558 23.508 23.560 23.795 23.572 
1.226 25.398 24.689 24.158 23.910 23.709 23.682 24.176 23.719 23.675 23.631 23.599 23.661 23.716 23.642 
1.299 25.552 24.852 24.265 24.067 23.854 23.783 24.312 23.877 23.760 23.786 23.678 23.670 23.862 23.714 
1.376 25.806 24.924 24.369 24.136 23.850 23.905 24.387 23.928 23.855 23.836 23.668 23.716 23.782 23.762 
1.458 26.042 25.038 24.408 24.170 23.904 23.895 24.429 23.953 23.838 23.809 23.702 23.791 23.916 23.779 
1.544 26.327 25.159 24.458 24.187 23.900 23.953 24.482 23.966 23.918 23.806 23.697 23.765 23.899 23.794 
1.636 26.649 25.357 24.564 24.282 23.958 23.947 24.602 24.019 23.901 23.829 23.741 23.816 23.910 23.817 
1.733 27.121 25.428 24.649 24.388 24.076 24.105 24.673 24.152 24.045 23.883 23.744 23.878 23.925 23.888 
1.836 27.695 25.731 24.835 24.563 24.139 24.146 24.870 24.222 24.099 23.941 23.825 23.974 23.972 23.952 
1.944 28.200 25.979 25.073 24.657 24.274 24.272 25.066 24.348 24.153 23.987 23.878 24.020 24.080 24.009 
2.060 28.841 26.268 25.193 24.819 24.378 24.355 25.212 24.469 24.251 24.058 23.937 24.015 24.139 24.068 
2.182 29.660 26.700 25.435 24.995 24.557 24.404 25.456 24.602 24.309 24.127 23.964 24.117 24.254 24.130 
2.311 30.495 27.114 25.706 25.146 24.645 24.522 25.682 24.709 24.410 24.192 24.074 24.197 24.265 24.220 
2.448 31.186 27.456 25.927 25.241 24.726 24.580 25.881 24.779 24.439 24.239 24.116 24.296 24.344 24.275 
2.594 30.758 27.878 26.190 25.385 24.802 24.630 26.115 24.858 24.507 24.233 24.111 24.323 24.353 24.287 
2.747 33.535 28.189 26.494 25.551 24.963 24.704 26.357 24.990 24.553 24.301 24.158 24.315 24.391 24.331 
2.910 33.352 28.512 26.659 25.587 25.027 24.730 26.495 25.029 24.556 24.343 24.240 24.388 24.452 24.383 
3.083 33.754 28.691 26.758 25.590 25.064 24.713 26.578 25.040 24.559 24.337 24.207 24.335 24.439 24.363 
3.266 33.097 28.930 26.831 25.617 25.068 24.737 26.681 25.041 24.524 24.370 24.240 24.370 24.489 24.382 
3.459 34.541 28.997 26.816 25.495 25.012 24.595 26.650 24.931 24.448 24.364 24.217 24.308 24.397 24.335 
3.665 33.794 28.999 26.807 25.556 24.992 24.640 26.688 24.948 24.464 24.333 24.212 24.296 24.327 24.332 
3.882 35.375 29.256 26.958 25.721 25.050 24.674 26.901 25.014 24.496 24.382 24.206 24.274 24.351 24.343 
4.112 35.468 29.377 27.096 25.797 25.171 24.730 27.022 25.099 24.538 24.409 24.241 24.258 24.313 24.368 
4.356 36.193 29.643 27.111 25.823 25.186 24.764 27.054 25.127 24.555 24.422 24.229 24.216 24.301 24.366 
4.614 37.120 29.708 27.172 25.826 25.176 24.761 27.098 25.118 24.573 24.409 24.193 24.215 24.302 24.352 
4.888 37.229 30.114 27.316 26.035 25.314 24.897 27.302 25.265 24.654 24.445 24.207 24.162 24.263 24.372 
5.178 38.881 30.493 27.602 26.305 25.579 25.124 27.589 25.527 24.852 24.532 24.263 24.191 24.291 24.460 
5.485 40.100 31.030 28.057 26.712 25.856 25.316 28.010 25.806 25.034 24.658 24.334 24.221 24.271 24.553 
5.810 42.934 32.051 28.434 27.245 26.227 25.582 28.464 26.175 25.291 24.814 24.444 24.248 24.321 24.671 
6.155 49.984 32.643 28.977 27.767 26.602 25.867 29.008 26.538 25.542 24.982 24.608 24.313 24.361 24.816 
6.520 53.129 33.628 29.583 28.401 27.001 26.225 29.586 26.957 25.856 25.186 24.740 24.367 24.428 24.964 
6.906 55.720 34.316 29.910 28.956 27.436 26.558 29.978 27.380 26.133 25.332 24.882 24.426 24.517 25.096 
7.316 56.447 34.825 30.140 29.411 27.835 26.957 30.278 27.824 26.391 25.493 25.024 24.522 24.578 25.235 
7.750 nan 35.778 30.455 29.645 28.233 27.321 30.593 28.224 26.644 25.647 25.136 24.565 24.653 25.341 
8.210 49.876 35.124 30.922 30.081 28.656 27.643 31.019 28.641 26.940 25.828 25.271 24.633 24.730 25.464 
8.696 54.259 35.957 31.118 30.258 28.830 27.866 31.231 28.861 27.057 25.936 25.347 24.696 24.801 25.544 
9.212 51.909 36.511 31.399 30.501 29.190 28.138 31.431 29.210 27.270 26.082 25.498 24.809 24.926 25.679 
9.759 67.290 36.387 31.954 30.799 29.531 28.423 31.957 29.542 27.442 26.281 25.660 24.940 25.027 25.832 
10.337 56.244 37.209 32.335 31.317 29.975 28.773 32.310 29.995 27.732 26.502 25.861 25.115 25.199 26.032 
10.950 75.125 38.018 33.055 31.673 30.534 29.143 32.876 30.463 28.062 26.807 26.064 25.262 25.341 26.229 
11.600 78.514 38.064 33.715 32.335 31.004 29.607 33.642 30.957 28.483 27.181 26.303 25.475 25.539 26.484 
12.288 76.137 42.576 35.306 32.959 31.524 29.979 34.732 31.440 28.894 27.485 26.549 25.698 25.726 26.733 
13.016 90.652 46.739 35.821 33.505 31.749 30.319 34.921 31.719 29.330 27.808 26.771 25.918 25.879 26.976 
13.788 100.440 45.633 35.538 34.209 32.053 30.475 35.604 31.912 29.518 27.993 26.945 26.164 26.044 27.200 
14.606 nan 56.609 37.512 34.746 32.243 30.747 36.295 32.024 29.852 28.221 27.117 26.386 26.227 27.414 
15.472 nan 52.747 37.563 35.374 32.424 30.873 37.083 32.074 30.112 28.375 27.200 26.646 26.414 27.603 
16.390 105.978 52.535 37.776 35.258 32.934 31.122 37.205 32.363 30.403 28.573 27.325 26.890 26.662 27.806 
17.362 105.355 54.326 40.456 36.690 33.491 31.592 38.408 32.962 30.866 28.698 27.447 27.075 26.825 27.972 
18.392 106.757 59.328 41.642 35.813 33.996 32.066 37.131 33.306 31.373 28.877 27.563 27.242 26.976 28.132 
19.482 106.880 88.715 43.687 37.373 34.600 32.557 38.527 33.821 31.730 29.132 27.661 27.408 27.073 28.281 
20.638 109.662 88.220 50.088 39.814 35.080 32.711 42.406 34.388 31.964 29.292 27.770 27.523 27.231 28.416 
21.862 nan nan 45.416 38.872 35.489 33.437 41.611 34.651 32.603 29.567 27.928 27.651 27.408 28.580 
23.158 112.654 93.495 58.254 41.003 37.172 34.147 41.972 35.798 32.838 29.879 28.092 27.830 27.505 28.767 
24.532 nan nan nan 40.242 37.311 34.739 41.338 36.492 33.417 30.112 28.293 27.961 27.699 28.941 
25.987 nan nan nan 42.841 37.671 35.722 nan 37.285 33.983 30.560 28.531 28.180 27.873 29.187 
27.528 nan nan nan 40.687 37.102 35.913 nan 37.428 33.933 30.893 28.762 28.496 28.159 29.461 
29.160 118.076 nan 89.185 47.977 39.163 36.200 71.569 38.271 34.570 31.471 29.158 28.887 28.533 29.859 
30.890 inf inf inf inf inf inf inf inf inf inf inf inf inf inf 
