# t[days] lsstu lsstg lsstr lssti lsstz lssty f062 f087 f106 f129 f158 f184 f213 f146 
0.103 22.197 22.526 23.753 24.119 24.554 29.962 23.485 25.139 25.685 25.409 32.801 33.667 29.829 26.033 
0.109 19.095 18.254 21.527 21.352 22.407 21.987 19.627 22.945 22.017 21.223 23.124 24.205 31.722 21.970 
0.116 18.165 18.297 19.046 19.597 19.448 21.387 18.852 20.124 22.367 21.741 20.655 32.587 28.198 21.611 
0.122 18.409 17.577 18.880 18.993 24.538 19.559 18.175 20.675 17.708 18.148 25.535 23.671 26.254 18.930 
0.130 18.097 18.233 18.059 19.567 19.647 18.209 18.265 19.109 18.653 22.410 22.632 24.986 26.675 19.859 
0.137 17.580 17.695 18.624 19.449 18.986 20.911 18.792 19.202 21.113 21.659 24.233 23.904 26.945 22.003 
0.145 17.474 17.955 17.557 19.318 20.292 21.472 17.927 20.540 19.556 19.231 20.550 21.388 21.870 20.103 
0.154 17.213 18.128 18.624 18.755 19.029 19.044 18.536 19.013 19.966 19.388 22.108 22.272 23.714 20.082 
0.163 17.314 17.824 18.190 19.026 20.368 20.766 18.485 19.665 21.291 21.103 20.883 21.482 21.720 21.279 
0.173 17.248 17.698 18.401 19.240 19.266 19.264 18.472 19.368 19.415 20.908 21.909 21.628 19.712 20.343 
0.183 17.285 17.975 18.407 18.466 19.623 20.221 18.362 19.464 19.815 18.752 20.055 21.478 18.370 19.533 
0.194 17.375 17.727 18.573 18.573 19.629 20.334 18.445 19.312 20.178 19.615 20.859 21.057 20.907 20.211 
0.206 17.337 17.902 18.449 18.391 19.610 20.424 18.464 19.057 20.468 19.839 20.880 22.541 21.798 20.471 
0.218 17.267 17.903 18.678 19.379 18.556 20.394 18.572 19.129 20.071 19.363 20.230 20.421 22.135 20.041 
0.231 17.468 18.192 18.903 18.892 20.077 19.288 18.734 19.355 19.822 19.799 22.171 21.949 21.875 20.251 
0.244 17.541 18.380 18.495 19.217 18.802 18.803 18.610 19.094 19.032 19.822 20.013 21.592 20.527 19.613 
0.259 17.696 18.054 18.621 18.767 19.952 19.428 18.600 19.245 20.066 20.617 19.831 21.499 22.434 20.231 
0.274 17.503 18.339 18.582 19.606 19.163 19.127 18.721 19.209 19.492 20.302 20.992 21.044 21.719 20.183 
0.290 17.666 18.240 18.700 19.120 19.164 18.887 18.742 19.070 19.092 19.793 20.256 22.054 21.746 19.823 
0.308 17.547 18.161 18.492 18.910 19.042 19.588 18.539 19.142 20.081 19.932 20.562 20.683 21.318 20.243 
0.326 17.607 18.180 18.629 19.060 19.057 19.079 18.641 19.040 19.171 19.161 20.101 20.209 21.008 19.432 
0.345 17.833 18.263 18.699 19.280 19.171 18.933 18.744 19.179 19.205 19.885 19.817 19.806 21.670 19.557 
0.366 17.720 18.172 18.750 18.860 18.845 19.592 18.616 18.987 19.121 19.376 19.899 21.071 21.145 19.599 
0.387 17.813 18.334 18.649 19.004 19.204 19.551 18.720 19.183 19.672 19.378 20.386 20.974 21.232 19.861 
0.410 17.856 18.305 18.461 19.049 19.019 18.830 18.562 18.917 19.135 19.764 20.153 20.152 19.807 19.667 
0.435 18.013 18.244 18.587 18.967 18.914 18.922 18.586 18.918 19.155 19.286 19.693 20.770 21.097 19.492 
0.461 17.962 18.273 18.436 18.717 18.849 18.861 18.487 18.831 19.039 19.172 19.638 19.436 20.203 19.320 
0.488 18.019 18.227 18.439 18.522 18.681 19.032 18.419 18.706 19.061 19.174 19.465 19.902 20.161 19.335 
0.517 18.041 18.231 18.383 18.675 18.729 18.986 18.418 18.733 18.982 19.021 19.761 19.769 19.961 19.278 
0.547 18.199 18.192 18.288 18.496 18.690 18.710 18.310 18.643 18.709 18.888 19.337 19.838 19.656 19.089 
0.580 18.267 18.270 18.287 18.434 18.645 18.661 18.338 18.578 18.727 18.941 19.326 20.090 19.804 19.115 
0.614 18.583 18.321 18.428 18.489 18.471 18.429 18.409 18.468 18.598 18.721 18.979 19.534 19.624 18.848 
0.651 18.721 18.377 18.333 18.504 18.441 18.599 18.380 18.500 18.584 18.933 19.094 19.520 19.616 18.927 
0.689 19.063 18.468 18.399 18.455 18.522 18.471 18.413 18.461 18.661 18.833 19.046 19.379 19.607 18.911 
0.730 19.430 18.615 18.456 18.350 18.404 18.616 18.433 18.433 18.620 18.675 19.153 19.390 19.486 18.874 
0.773 19.761 18.795 18.650 18.444 18.510 18.630 18.590 18.543 18.616 18.715 19.130 19.346 19.532 18.869 
0.819 20.100 19.078 18.784 18.558 18.450 18.667 18.771 18.521 18.722 18.584 18.920 19.462 19.378 18.855 
0.868 20.550 19.284 18.960 18.751 18.592 18.783 18.919 18.676 18.772 18.713 18.880 18.965 19.539 18.814 
0.919 20.607 19.508 19.117 18.836 18.708 18.921 19.093 18.772 18.861 18.729 18.866 19.140 19.340 18.881 
0.974 21.001 19.878 19.409 19.000 18.944 19.076 19.348 18.969 19.032 18.838 18.912 19.105 19.409 18.961 
1.032 21.471 20.195 19.594 19.214 19.015 19.260 19.545 19.119 19.225 18.889 19.026 19.219 19.483 19.070 
1.093 21.873 20.337 19.786 19.387 19.104 19.442 19.731 19.229 19.334 18.975 19.021 19.108 19.421 19.124 
1.158 22.169 20.780 19.978 19.675 19.430 19.523 19.989 19.474 19.601 19.105 19.055 19.222 19.404 19.227 
1.226 22.652 21.071 20.246 19.667 19.471 19.704 20.202 19.526 19.721 19.209 19.071 19.251 19.462 19.292 
1.299 22.808 21.294 20.243 19.954 19.721 19.847 20.293 19.772 19.795 19.250 19.223 19.322 19.659 19.378 
1.376 23.135 21.552 20.518 20.065 19.753 19.807 20.501 19.813 19.832 19.345 19.240 19.342 19.703 19.428 
1.458 23.485 21.898 20.731 20.191 19.918 20.105 20.726 20.004 19.985 19.454 19.434 19.480 19.734 19.581 
1.544 24.043 22.136 20.899 20.330 20.059 20.231 20.905 20.129 20.094 19.523 19.444 19.440 19.708 19.617 
1.636 24.562 22.434 21.085 20.666 20.272 20.357 21.127 20.359 20.264 19.560 19.440 19.528 19.804 19.669 
1.733 24.708 22.635 21.282 20.777 20.539 20.584 21.284 20.577 20.380 19.659 19.546 19.575 19.908 19.765 
1.836 25.273 23.147 21.491 20.979 20.665 20.685 21.535 20.704 20.484 19.728 19.670 19.706 19.901 19.872 
1.944 25.467 23.330 21.588 21.265 20.825 20.779 21.690 20.901 20.586 19.856 19.793 19.775 20.019 19.987 
2.060 26.111 23.734 22.005 21.436 21.007 20.981 22.082 21.038 20.763 19.946 19.859 19.943 20.011 20.108 
2.182 26.460 23.837 22.207 21.735 21.038 20.989 22.275 21.140 20.806 20.033 19.924 20.029 20.103 20.175 
2.311 26.973 24.194 22.504 21.830 21.160 21.237 22.532 21.281 20.953 20.145 19.977 20.022 20.132 20.250 
2.448 27.341 24.737 22.812 22.173 21.545 21.276 22.867 21.555 21.014 20.189 20.069 20.176 20.259 20.331 
2.594 27.783 25.114 23.228 22.450 21.739 21.494 23.215 21.808 21.169 20.340 20.143 20.198 20.264 20.423 
2.747 28.503 25.532 23.651 22.691 22.104 21.672 23.624 22.060 21.319 20.384 20.212 20.343 20.344 20.508 
2.910 30.216 25.989 23.965 22.968 22.309 21.801 23.916 22.253 21.487 20.466 20.234 20.427 20.452 20.581 
3.083 29.919 26.629 24.252 23.213 22.545 21.954 24.092 22.504 21.562 20.550 20.236 20.400 20.440 20.613 
3.266 31.228 26.876 24.745 23.491 22.815 22.044 24.431 22.756 21.692 20.632 20.232 20.429 20.379 20.652 
3.459 31.890 27.174 25.262 23.649 23.010 22.113 24.789 22.853 21.792 20.661 20.238 20.389 20.451 20.663 
3.665 29.974 27.672 25.584 23.831 22.978 22.217 25.066 22.906 21.830 20.739 20.169 20.296 20.354 20.635 
3.882 29.611 27.976 25.455 23.981 23.204 22.267 25.051 23.075 21.859 20.731 20.148 20.310 20.325 20.636 
4.112 35.226 28.256 25.925 23.959 23.346 22.435 25.159 23.224 21.974 20.721 20.106 20.250 20.356 20.606 
4.356 32.109 28.153 26.110 24.079 23.321 22.488 25.341 23.234 21.992 20.697 20.051 20.244 20.295 20.582 
4.614 32.279 28.238 26.252 24.174 23.348 22.454 25.448 23.243 22.011 20.689 19.995 20.137 20.230 20.527 
4.888 40.816 29.197 26.486 24.380 23.480 22.554 25.698 23.380 22.023 20.692 19.982 20.140 20.220 20.527 
5.178 40.065 28.583 26.700 24.406 23.474 22.539 25.735 23.351 21.989 20.685 19.975 20.124 20.227 20.518 
5.485 42.598 29.102 27.097 24.623 23.670 22.675 26.000 23.585 22.022 20.709 19.953 20.144 20.215 20.522 
5.810 47.715 29.249 27.077 24.637 23.760 22.721 26.052 23.593 22.146 20.788 19.964 20.184 20.183 20.554 
6.155 52.689 30.094 27.329 24.982 24.119 22.970 26.381 23.951 22.250 20.878 19.983 20.211 20.250 20.602 
6.520 58.749 30.011 27.896 25.469 24.587 23.050 26.926 24.175 22.338 20.986 20.045 20.276 20.299 20.675 
6.906 54.337 31.585 28.797 25.864 24.727 23.385 27.441 24.475 22.564 21.154 20.128 20.317 20.363 20.771 
7.316 71.458 32.139 29.117 26.636 25.098 23.700 28.299 24.811 22.861 21.333 20.244 20.399 20.499 20.891 
7.750 nan 34.141 29.276 26.901 25.472 24.017 28.287 25.188 23.071 21.480 20.341 20.447 20.530 20.992 
8.210 80.916 37.034 31.261 27.914 25.892 24.337 29.152 25.583 23.300 21.652 20.421 20.481 20.648 21.080 
8.696 nan 36.768 30.305 28.433 26.044 24.536 29.683 25.780 23.467 21.719 20.471 20.517 20.731 21.132 
9.212 71.223 37.916 32.543 28.343 26.338 24.841 30.060 26.113 23.673 21.852 20.573 20.577 20.830 21.236 
9.759 88.778 55.648 32.339 28.704 26.457 25.156 30.618 26.348 23.935 21.971 20.673 20.648 20.949 21.330 
10.337 nan nan 31.910 28.897 26.770 25.441 31.561 26.566 24.094 22.118 20.804 20.762 21.032 21.462 
10.950 nan 43.709 34.224 29.725 27.466 25.746 31.580 26.996 24.218 22.246 20.946 20.865 21.180 21.585 
11.600 nan 61.318 33.175 31.104 27.436 25.861 32.382 27.132 24.432 22.414 21.089 21.023 21.299 21.740 
12.288 nan 50.442 35.327 29.792 28.579 26.338 33.227 27.736 24.584 22.565 21.254 21.166 21.403 21.893 
13.016 nan 56.468 37.764 33.878 28.241 26.876 36.218 28.211 24.758 22.741 21.448 21.279 21.531 22.050 
13.788 84.680 46.596 36.253 33.496 29.279 27.087 35.173 28.719 24.758 22.853 21.661 21.403 21.619 22.205 
14.606 95.382 46.757 33.405 31.436 28.813 27.057 33.097 28.729 24.774 22.948 21.877 21.584 21.714 22.380 
15.472 nan 42.268 33.454 30.121 28.180 26.620 31.882 28.026 24.701 22.978 22.085 21.785 21.800 22.549 
16.390 100.739 39.815 32.962 29.413 27.112 25.978 31.562 27.107 24.557 22.988 22.293 21.952 21.859 22.675 
17.362 103.451 38.736 32.066 28.655 27.082 25.988 31.263 27.004 24.517 23.061 22.430 22.111 21.993 22.811 
18.392 64.224 44.182 32.435 28.887 27.334 26.088 31.562 27.146 24.629 23.158 22.567 22.222 22.002 22.926 
19.482 103.044 40.250 33.253 29.188 27.523 26.325 31.544 27.405 24.798 23.253 22.704 22.375 22.123 23.072 
20.638 108.028 46.859 34.413 29.357 27.953 26.823 32.678 27.835 25.031 23.373 22.807 22.508 22.214 23.204 
21.862 nan nan 35.188 30.459 28.620 27.130 33.665 28.322 25.354 23.563 22.940 22.658 22.313 23.360 
23.158 nan 71.981 36.944 30.612 28.687 27.575 34.727 28.626 25.682 23.747 23.123 22.788 22.426 23.533 
24.532 nan nan 37.814 31.619 29.487 28.025 35.093 29.423 25.889 23.932 23.227 22.924 22.550 23.676 
25.987 nan 85.719 37.462 31.733 29.970 28.260 34.283 29.687 26.399 24.178 23.450 23.105 22.738 23.891 
27.528 nan 86.452 45.885 32.707 29.877 28.503 41.020 29.813 26.664 24.438 23.705 23.376 23.043 24.155 
29.160 nan nan nan 36.878 30.927 28.922 37.855 30.197 27.274 24.797 24.137 23.752 23.306 24.553 
30.890 inf inf inf inf inf inf inf inf inf inf inf inf inf inf 
