# t[days] lsstu lsstg lsstr lssti lsstz lssty f062 f087 f106 f129 f158 f184 f213 f146 
0.103 21.919 22.622 22.647 23.062 21.948 23.455 22.845 22.185 24.528 23.769 27.959 35.866 37.798 24.567 
0.109 18.971 20.136 19.676 21.782 19.779 24.492 20.121 20.375 25.059 24.063 25.792 40.063 33.880 24.812 
0.116 19.050 20.129 20.351 20.593 18.947 22.604 20.245 19.758 23.549 23.726 28.730 26.108 29.877 24.178 
0.122 18.984 18.852 20.956 18.750 19.015 21.828 19.192 19.744 20.318 22.507 20.174 19.459 21.969 20.486 
0.130 19.331 19.243 19.441 20.412 19.776 20.447 19.812 20.034 20.805 22.734 22.437 23.271 20.535 21.772 
0.137 18.743 19.808 20.059 19.871 19.899 20.009 19.959 19.817 20.477 19.100 21.250 19.639 20.317 19.799 
0.145 18.578 19.281 18.863 20.304 21.140 19.362 19.311 20.420 19.665 19.308 23.605 24.669 26.170 20.041 
0.154 18.697 19.274 18.903 19.143 20.349 20.179 19.172 19.548 20.981 19.702 24.187 21.972 23.949 20.575 
0.163 18.981 19.418 18.996 20.339 21.017 21.698 19.298 21.163 20.873 19.515 19.947 21.306 27.402 20.453 
0.173 18.628 18.826 19.409 19.578 22.190 22.093 19.181 21.091 21.024 20.122 20.782 22.628 23.543 21.126 
0.183 18.979 19.165 19.324 20.653 20.047 21.732 19.631 20.452 21.453 19.812 19.577 21.606 23.221 20.407 
0.194 19.225 19.415 19.575 19.642 19.538 20.934 19.459 19.957 19.799 19.889 21.931 20.967 21.485 20.343 
0.206 18.682 19.418 19.616 20.120 19.598 20.093 19.587 19.886 20.616 21.123 21.700 21.783 21.553 21.065 
0.218 19.453 19.518 19.456 19.722 18.935 20.517 19.475 19.421 20.709 20.797 22.004 19.948 22.324 20.657 
0.231 19.164 18.910 19.259 19.415 19.599 20.263 19.159 19.805 19.478 21.189 20.777 19.077 20.280 19.754 
0.244 19.117 19.565 20.047 19.819 19.896 19.844 19.972 19.800 19.697 19.968 21.215 20.852 20.616 20.292 
0.259 19.433 19.499 19.756 20.179 20.425 20.201 19.787 20.354 20.157 20.789 20.884 21.456 21.710 20.653 
0.274 19.298 19.586 19.767 19.790 19.967 20.374 19.749 19.957 20.386 20.642 21.843 22.291 21.192 21.038 
0.290 19.344 19.271 19.891 20.388 20.641 20.120 19.886 20.294 19.990 19.907 21.102 23.590 21.568 20.479 
0.308 19.375 19.668 19.696 19.514 19.900 20.887 19.642 20.038 21.005 20.717 21.583 22.089 22.243 21.206 
0.326 19.857 19.621 20.101 19.910 20.765 20.333 20.031 20.236 20.679 21.182 21.675 21.661 22.217 21.156 
0.345 19.804 19.807 20.300 19.768 20.510 21.452 20.192 20.254 21.020 21.192 20.657 21.615 22.212 20.977 
0.366 19.809 20.165 20.216 20.339 20.279 21.175 20.279 20.399 20.994 21.172 21.004 22.033 21.070 21.077 
0.387 19.803 19.956 20.584 20.596 20.747 20.894 20.451 20.699 21.097 20.570 21.139 21.025 20.466 20.888 
0.410 20.191 20.254 20.504 20.091 20.540 20.347 20.335 20.289 20.925 21.088 21.121 21.029 22.014 21.088 
0.435 20.335 20.179 20.402 20.568 20.433 20.459 20.435 20.417 20.597 20.940 21.190 20.931 21.391 20.901 
0.461 20.105 20.180 20.358 20.641 20.214 21.219 20.354 20.540 20.924 20.664 20.627 21.064 21.370 20.853 
0.488 20.038 20.288 20.391 20.591 21.009 21.085 20.356 21.050 20.921 20.935 20.641 20.704 20.621 20.819 
0.517 20.417 20.208 20.411 20.379 20.714 20.261 20.410 20.437 20.595 20.984 21.110 21.105 21.179 20.888 
0.547 20.523 20.272 20.445 20.538 20.667 20.999 20.418 20.700 20.946 20.588 20.465 20.941 21.134 20.696 
0.580 20.617 20.417 20.463 20.757 20.369 20.777 20.502 20.608 20.757 21.020 21.157 21.152 21.423 20.967 
0.614 20.698 20.554 20.690 20.614 20.522 20.782 20.626 20.644 20.592 20.784 20.821 20.838 21.209 20.788 
0.651 20.739 20.585 20.497 20.640 20.704 20.912 20.544 20.696 20.537 20.259 20.819 21.147 20.689 20.664 
0.689 20.955 20.528 20.524 20.607 20.642 20.553 20.514 20.556 20.774 20.740 20.934 20.609 20.878 20.754 
0.730 20.862 20.528 20.433 20.590 20.557 20.740 20.511 20.557 20.701 20.722 20.660 20.851 20.749 20.714 
0.773 21.058 20.607 20.591 20.629 20.590 20.495 20.613 20.519 20.543 20.631 20.629 20.684 20.654 20.639 
0.819 21.391 20.792 20.646 20.423 20.348 20.523 20.638 20.344 20.519 20.530 20.668 20.625 20.576 20.594 
0.868 21.508 20.838 20.751 20.525 20.285 20.559 20.680 20.384 20.620 20.674 20.692 20.498 20.726 20.611 
0.919 21.665 20.973 20.743 20.743 20.809 20.695 20.730 20.804 20.694 20.712 20.665 20.986 20.705 20.740 
0.974 21.793 21.032 20.943 20.564 20.627 20.704 20.850 20.589 20.727 20.651 20.767 20.908 21.005 20.743 
1.032 22.119 21.195 21.092 20.794 20.765 20.656 21.012 20.724 20.693 20.755 20.629 20.750 20.987 20.719 
1.093 22.165 21.312 20.960 20.909 20.819 20.757 21.002 20.802 20.751 20.734 20.785 20.733 20.961 20.747 
1.158 22.370 21.477 21.083 20.880 20.783 20.747 21.098 20.742 20.804 20.779 20.658 20.771 20.845 20.731 
1.226 22.824 21.773 21.337 20.892 20.603 20.745 21.285 20.659 20.762 20.605 20.579 20.550 20.787 20.647 
1.299 23.008 21.796 21.170 21.098 20.763 20.794 21.232 20.798 20.883 20.703 20.593 20.685 20.639 20.706 
1.376 23.158 21.989 21.385 21.037 20.833 20.799 21.378 20.833 20.805 20.580 20.563 20.588 20.736 20.645 
1.458 23.357 22.141 21.535 21.035 20.873 20.893 21.521 20.847 20.843 20.646 20.690 20.551 20.611 20.696 
1.544 23.619 22.306 21.625 21.308 21.022 20.832 21.653 21.000 20.766 20.558 20.515 20.569 20.598 20.617 
1.636 24.072 22.662 21.827 21.398 21.165 20.977 21.818 21.135 20.884 20.751 20.652 20.561 20.710 20.721 
1.733 24.078 22.823 21.837 21.454 21.196 21.056 21.909 21.163 20.903 20.699 20.716 20.528 20.652 20.721 
1.836 24.608 23.010 22.058 21.536 21.208 21.182 22.049 21.229 21.124 20.797 20.625 20.551 20.671 20.780 
1.944 24.755 23.238 22.124 21.634 21.325 21.231 22.189 21.301 21.081 20.787 20.679 20.570 20.799 20.782 
2.060 25.097 23.531 22.371 21.868 21.368 21.401 22.417 21.432 21.183 20.829 20.775 20.671 20.688 20.869 
2.182 25.643 23.863 22.578 22.094 21.495 21.394 22.646 21.550 21.210 20.867 20.754 20.755 20.673 20.895 
2.311 25.846 23.853 22.658 22.178 21.656 21.572 22.730 21.692 21.403 20.951 20.834 20.779 20.653 20.989 
2.448 26.219 24.133 22.926 22.406 21.771 21.679 22.985 21.842 21.480 21.015 20.854 20.840 20.818 21.050 
2.594 26.885 24.347 22.946 22.498 21.912 21.870 23.015 21.996 21.581 21.046 20.936 20.818 20.727 21.084 
2.747 27.693 24.707 23.138 22.688 22.184 21.996 23.230 22.212 21.635 21.154 20.940 20.936 20.835 21.159 
2.910 27.094 24.732 23.343 22.758 22.178 21.950 23.414 22.196 21.693 21.186 21.005 20.854 20.800 21.181 
3.083 27.663 25.013 23.500 22.931 22.292 21.940 23.591 22.292 21.726 21.207 21.047 20.946 20.873 21.226 
3.266 28.085 25.179 23.656 23.065 22.428 22.084 23.728 22.426 21.820 21.285 20.994 20.929 20.807 21.230 
3.459 28.014 25.436 23.679 23.123 22.486 22.222 23.776 22.517 21.858 21.274 20.954 20.858 20.793 21.211 
3.665 28.831 25.803 23.988 23.311 22.628 22.371 24.066 22.671 21.999 21.384 20.997 20.960 20.979 21.297 
3.882 28.991 26.336 24.300 23.447 22.929 22.497 24.270 22.927 22.123 21.419 20.981 20.983 20.922 21.319 
4.112 29.664 26.803 24.561 23.762 23.096 22.519 24.590 23.067 22.175 21.483 20.954 21.011 20.900 21.333 
4.356 30.368 27.116 25.092 23.932 23.279 22.617 24.937 23.228 22.232 21.482 20.956 21.002 20.931 21.358 
4.614 33.702 27.490 25.369 24.157 23.576 22.836 25.155 23.508 22.347 21.521 20.994 21.013 21.070 21.397 
4.888 32.789 27.805 25.531 24.268 23.820 22.925 25.402 23.657 22.441 21.598 20.921 21.005 21.058 21.394 
5.178 31.667 28.287 25.909 24.545 24.084 23.060 25.660 23.901 22.588 21.652 20.953 21.011 21.027 21.433 
5.485 33.490 28.937 26.407 24.824 24.193 23.303 26.046 24.109 22.762 21.753 20.969 21.027 21.073 21.481 
5.810 36.606 28.639 26.307 24.947 24.317 23.247 26.090 24.101 22.769 21.831 20.978 21.046 21.071 21.502 
6.155 37.741 29.430 26.694 25.129 24.575 23.397 26.393 24.348 22.894 21.872 20.987 21.039 21.062 21.523 
6.520 34.745 30.003 27.077 25.190 24.682 23.646 26.581 24.485 23.031 21.949 20.981 21.038 21.108 21.552 
6.906 36.087 30.016 27.398 25.418 24.915 23.740 26.742 24.687 23.078 21.996 20.998 21.011 21.116 21.554 
7.316 44.088 30.580 27.903 25.594 25.123 23.854 27.160 24.818 23.204 22.037 21.001 21.019 21.115 21.575 
7.750 53.650 30.602 28.077 25.889 25.175 24.085 27.439 24.987 23.345 22.144 21.045 21.026 21.142 21.621 
8.210 58.011 30.769 28.591 26.252 25.602 24.188 27.712 25.286 23.455 22.261 21.056 21.014 21.168 21.647 
8.696 68.438 31.727 29.558 26.441 25.744 24.324 28.075 25.369 23.623 22.391 21.096 21.002 21.235 21.692 
9.212 nan 33.762 29.287 27.083 25.763 24.534 28.606 25.634 23.844 22.505 21.170 21.071 21.279 21.773 
9.759 nan 33.438 29.989 27.315 26.142 24.916 28.869 26.016 23.998 22.583 21.241 21.082 21.328 21.831 
10.337 83.748 36.356 30.680 27.869 26.685 25.069 29.332 26.301 24.196 22.707 21.334 21.143 21.445 21.921 
10.950 84.364 39.292 30.528 28.697 26.842 25.247 30.139 26.475 24.387 22.816 21.388 21.180 21.513 21.981 
11.600 nan 34.928 32.359 28.493 27.445 25.550 30.032 26.919 24.601 22.958 21.515 21.259 21.585 22.093 
12.288 85.971 54.407 34.394 29.212 27.358 25.933 31.513 27.127 24.813 23.079 21.605 21.340 21.691 22.189 
13.016 89.222 50.780 31.851 30.028 28.083 26.204 31.730 27.647 25.052 23.183 21.714 21.432 21.802 22.295 
13.788 90.476 41.533 33.564 30.544 27.930 26.498 32.328 27.764 25.212 23.349 21.845 21.534 21.955 22.417 
14.606 nan 49.042 38.726 31.526 28.244 26.768 34.733 28.140 25.511 23.512 21.947 21.644 22.142 22.539 
15.472 95.341 46.926 34.757 32.025 29.585 27.521 33.170 29.167 25.832 23.625 22.097 21.768 22.249 22.672 
16.390 nan 78.468 35.605 32.313 29.147 27.405 33.962 28.853 26.080 23.852 22.213 21.908 22.438 22.816 
17.362 96.261 nan 45.295 32.255 29.442 28.159 34.801 29.233 26.407 23.962 22.410 22.051 22.538 22.979 
18.392 97.190 85.429 39.646 31.509 30.585 28.305 37.983 29.757 26.600 24.204 22.596 22.205 22.713 23.157 
19.482 nan 76.369 32.708 36.713 29.967 28.829 33.331 30.037 27.045 24.452 22.813 22.408 22.788 23.368 
20.638 nan 73.107 nan 36.668 32.009 28.873 38.403 30.721 27.311 24.650 23.122 22.696 22.914 23.652 
21.862 101.851 61.376 39.554 33.224 31.052 28.979 37.326 30.379 27.150 24.710 23.365 22.903 22.985 23.846 
23.158 102.659 43.102 36.113 31.515 29.689 28.506 34.919 29.536 26.548 24.583 23.492 23.075 23.030 23.951 
24.532 103.369 44.765 34.729 31.373 29.322 28.229 33.683 29.334 26.425 24.622 23.764 23.406 23.172 24.190 
25.987 104.403 64.128 36.359 31.716 29.744 28.532 33.954 29.653 26.601 24.777 24.000 23.696 23.301 24.426 
27.528 106.389 86.211 39.887 33.057 30.337 28.874 36.742 30.106 26.909 25.006 24.147 23.885 23.398 24.609 
29.160 107.514 nan 43.127 33.720 31.571 29.302 37.889 30.823 27.270 25.258 24.342 24.089 23.545 24.829 
30.890 inf inf inf inf inf inf inf inf inf inf inf inf inf inf 
