# t[days] lsstu lsstg lsstr lssti lsstz lssty f062 f087 f106 f129 f158 f184 f213 f146 
0.103 23.344 23.568 23.782 25.114 23.375 23.162 23.937 23.348 24.198 24.906 26.505 36.154 38.908 24.984 
0.109 20.217 21.307 20.593 25.107 20.906 22.448 21.151 21.493 23.573 25.198 25.591 31.494 37.219 24.557 
0.116 19.865 21.231 21.355 21.688 20.129 22.631 21.356 20.859 23.742 24.810 32.687 27.355 27.717 24.648 
0.122 20.247 19.934 21.632 20.007 20.202 23.520 20.474 20.541 21.453 21.652 24.150 20.739 22.721 21.706 
0.130 20.379 20.351 20.534 21.961 20.907 21.591 20.744 21.143 21.636 23.547 23.670 24.101 26.437 22.647 
0.137 19.734 20.978 20.997 21.395 20.636 21.234 21.240 20.884 21.977 20.355 22.325 22.107 20.745 21.159 
0.145 19.734 20.394 19.964 21.136 22.933 21.212 20.307 21.626 20.987 20.444 24.408 25.910 26.653 21.162 
0.154 19.657 20.392 20.009 20.845 20.538 21.515 20.272 20.631 21.931 20.835 21.811 23.200 24.276 21.674 
0.163 19.961 20.541 20.386 20.660 22.141 22.709 20.380 22.160 22.091 21.234 20.951 22.398 28.728 21.579 
0.173 19.842 20.106 20.180 20.711 22.552 23.166 20.255 21.868 23.233 21.549 21.790 23.691 24.896 22.253 
0.183 20.154 20.215 20.535 21.657 21.041 22.491 20.681 21.567 22.476 22.230 20.693 23.008 22.970 21.553 
0.194 20.378 20.506 20.740 20.621 20.964 21.015 20.569 20.999 20.834 20.722 22.482 22.550 22.496 21.441 
0.206 20.055 20.548 20.599 21.140 20.770 21.302 20.765 21.035 21.756 22.161 22.786 22.875 22.921 22.162 
0.218 20.673 20.644 20.550 21.023 19.979 21.513 20.634 20.497 21.765 21.890 23.623 21.104 24.065 21.743 
0.231 20.315 20.114 20.269 20.712 20.353 21.926 20.335 20.690 20.620 22.457 22.016 20.676 20.352 21.073 
0.244 20.224 20.721 21.103 20.965 21.064 20.996 21.085 21.008 20.862 21.026 22.022 22.305 21.668 21.402 
0.259 20.558 20.613 20.856 21.450 21.244 21.626 20.864 21.529 21.296 21.991 21.999 22.768 22.510 21.805 
0.274 20.372 20.717 20.914 20.826 20.931 21.583 20.923 21.025 21.734 21.774 22.988 23.410 23.552 22.132 
0.290 20.575 20.386 20.906 21.712 21.636 21.354 20.916 21.611 21.244 21.057 21.868 24.318 22.812 21.575 
0.308 20.531 20.767 20.814 20.678 20.955 21.956 20.778 21.092 22.083 21.883 22.395 23.173 23.540 22.295 
0.326 21.009 20.765 21.203 21.042 21.792 21.388 21.198 21.257 21.704 22.331 22.767 22.712 22.968 22.212 
0.345 20.819 20.948 21.436 21.041 21.164 22.679 21.345 21.243 22.218 22.223 21.781 22.513 23.017 22.110 
0.366 21.010 21.290 21.341 21.513 21.252 22.149 21.370 21.505 22.022 22.194 22.008 22.484 22.313 22.174 
0.387 20.890 21.092 21.681 21.695 21.856 21.882 21.559 21.775 22.156 21.742 22.188 22.164 21.607 22.012 
0.410 21.273 21.391 21.577 21.456 21.531 21.327 21.458 21.463 21.886 22.253 22.473 22.133 23.110 22.139 
0.435 21.453 21.283 21.557 21.627 21.892 21.335 21.548 21.558 21.626 22.033 22.355 22.166 22.531 21.997 
0.461 21.259 21.341 21.473 21.674 21.356 22.120 21.481 21.616 22.101 21.819 21.705 22.145 22.442 22.001 
0.488 21.266 21.452 21.424 21.688 22.049 22.447 21.474 22.117 22.089 22.218 21.818 21.957 21.607 22.032 
0.517 21.524 21.350 21.547 21.568 21.675 21.587 21.499 21.723 21.736 22.121 22.239 22.324 22.325 22.036 
0.547 21.671 21.430 21.548 21.717 21.649 22.132 21.554 21.761 22.088 21.697 21.544 21.857 22.272 21.831 
0.580 21.823 21.550 21.611 21.825 21.613 21.892 21.624 21.759 21.841 22.161 22.339 22.388 22.420 22.103 
0.614 21.919 21.707 21.796 21.745 21.622 22.047 21.769 21.780 21.805 21.855 22.044 21.918 22.321 21.948 
0.651 21.926 21.752 21.629 21.732 21.990 21.837 21.687 21.809 21.773 21.425 21.878 22.350 21.887 21.794 
0.689 22.130 21.690 21.691 21.765 21.705 21.661 21.652 21.752 21.906 21.887 22.103 21.874 22.001 21.905 
0.730 21.997 21.685 21.564 21.886 21.570 21.818 21.641 21.699 21.830 21.861 21.763 21.988 22.008 21.851 
0.773 22.222 21.794 21.748 21.821 21.665 21.609 21.738 21.695 21.693 21.803 21.761 21.797 21.784 21.778 
0.819 22.565 21.993 21.806 21.663 21.431 21.566 21.807 21.474 21.639 21.691 21.832 21.759 21.720 21.723 
0.868 22.671 22.054 21.890 21.710 21.465 21.606 21.857 21.523 21.736 21.800 21.804 21.681 21.828 21.756 
0.919 22.841 22.201 21.887 21.854 21.965 21.896 21.884 21.946 21.813 21.855 21.760 22.170 21.918 21.889 
0.974 22.973 22.248 22.108 21.813 21.718 21.773 22.026 21.715 21.812 21.784 21.886 22.099 22.086 21.875 
1.032 23.375 22.410 22.231 22.054 21.896 21.821 22.188 21.890 21.829 21.920 21.791 21.820 22.143 21.844 
1.093 23.363 22.529 22.127 22.080 21.938 21.963 22.164 21.983 21.937 21.874 21.888 21.867 22.032 21.897 
1.158 23.696 22.708 22.211 22.138 21.918 21.860 22.303 21.912 21.916 21.944 21.782 21.878 21.981 21.873 
1.226 24.015 23.041 22.509 22.125 21.772 21.816 22.492 21.840 21.927 21.774 21.726 21.653 21.887 21.788 
1.299 24.194 23.065 22.342 22.284 22.008 21.820 22.412 21.988 21.953 21.889 21.708 21.869 21.770 21.853 
1.376 24.366 23.244 22.572 22.261 22.016 21.911 22.575 22.010 21.931 21.771 21.721 21.735 21.881 21.797 
1.458 24.624 23.389 22.750 22.338 21.963 21.989 22.737 22.009 21.998 21.826 21.852 21.755 21.710 21.856 
1.544 24.912 23.550 22.838 22.520 22.194 22.036 22.858 22.214 21.946 21.756 21.665 21.729 21.687 21.778 
1.636 25.573 23.937 23.043 22.616 22.390 22.108 23.046 22.336 22.028 21.919 21.807 21.761 21.779 21.888 
1.733 25.380 24.081 23.085 22.706 22.348 22.222 23.124 22.358 22.097 21.844 21.861 21.766 21.726 21.899 
1.836 25.863 24.364 23.271 22.774 22.420 22.272 23.300 22.407 22.257 21.988 21.778 21.731 21.727 21.953 
1.944 25.939 24.519 23.383 22.912 22.468 22.388 23.427 22.512 22.255 21.987 21.839 21.748 21.805 21.957 
2.060 26.350 24.839 23.605 23.182 22.546 22.530 23.653 22.638 22.389 22.010 21.917 21.854 21.774 22.041 
2.182 27.041 25.204 23.827 23.378 22.718 22.565 23.880 22.793 22.394 22.064 21.881 21.977 21.781 22.081 
2.311 27.293 25.248 23.887 23.477 22.837 22.740 23.965 22.919 22.588 22.156 21.970 21.951 21.803 22.171 
2.448 27.479 25.483 24.152 23.716 22.991 22.863 24.218 23.072 22.697 22.259 21.997 22.014 21.898 22.229 
2.594 28.111 25.692 24.227 23.788 23.162 22.977 24.276 23.194 22.760 22.264 22.064 22.055 21.808 22.276 
2.747 29.044 26.090 24.415 23.992 23.369 23.207 24.483 23.426 22.838 22.369 22.076 22.177 21.949 22.362 
2.910 28.434 26.113 24.598 24.128 23.343 23.195 24.675 23.446 22.921 22.416 22.165 22.099 21.877 22.384 
3.083 29.092 26.392 24.742 24.311 23.503 23.201 24.852 23.546 22.926 22.444 22.165 22.184 21.964 22.424 
3.266 29.610 26.562 24.921 24.409 23.606 23.386 24.994 23.709 23.044 22.530 22.147 22.141 21.923 22.434 
3.459 29.342 26.894 24.966 24.455 23.694 23.474 25.037 23.768 23.083 22.521 22.116 22.086 21.904 22.419 
3.665 30.341 27.149 25.345 24.598 23.829 23.681 25.342 23.935 23.230 22.661 22.159 22.152 22.083 22.498 
3.882 30.807 27.748 25.588 24.800 24.122 23.827 25.572 24.180 23.370 22.696 22.129 22.170 22.039 22.524 
4.112 30.787 28.215 25.849 25.192 24.301 23.887 25.902 24.352 23.402 22.778 22.103 22.178 22.034 22.537 
4.356 33.035 28.550 26.452 25.300 24.475 24.056 26.283 24.549 23.500 22.806 22.127 22.163 22.073 22.562 
4.614 34.905 29.071 26.731 25.520 24.803 24.283 26.528 24.825 23.631 22.823 22.159 22.144 22.190 22.596 
4.888 35.151 29.223 26.893 25.664 25.022 24.401 26.746 24.978 23.710 22.934 22.115 22.119 22.206 22.592 
5.178 34.868 29.774 27.317 25.895 25.349 24.563 27.035 25.267 23.867 22.982 22.136 22.136 22.175 22.636 
5.485 34.506 30.578 27.785 26.166 25.538 24.787 27.485 25.440 24.030 23.107 22.159 22.135 22.213 22.685 
5.810 41.500 30.321 27.632 26.324 25.613 24.719 27.481 25.495 24.045 23.187 22.175 22.152 22.222 22.707 
6.155 42.750 30.917 28.024 26.566 25.844 24.923 27.822 25.729 24.182 23.274 22.190 22.156 22.244 22.732 
6.520 36.420 31.581 28.363 26.556 25.973 25.163 28.077 25.863 24.321 23.352 22.195 22.129 22.274 22.757 
6.906 44.316 31.513 28.785 26.796 26.191 25.299 28.283 26.085 24.378 23.378 22.211 22.099 22.269 22.759 
7.316 52.429 32.298 29.311 27.018 26.410 25.407 28.768 26.238 24.514 23.465 22.218 22.098 22.277 22.783 
7.750 58.774 32.480 29.344 27.344 26.538 25.601 29.056 26.366 24.652 23.571 22.274 22.111 22.305 22.831 
8.210 67.876 32.887 29.841 27.665 27.024 25.750 29.413 26.699 24.760 23.691 22.300 22.096 22.330 22.859 
8.696 78.269 33.229 31.068 27.746 27.249 25.837 29.819 26.837 24.951 23.823 22.358 22.074 22.380 22.904 
9.212 nan 35.340 30.807 28.492 27.379 26.044 30.347 27.103 25.150 23.961 22.432 22.139 22.419 22.986 
9.759 nan 34.578 31.273 28.842 27.662 26.461 30.692 27.438 25.355 24.008 22.517 22.153 22.479 23.044 
10.337 nan 44.649 31.856 29.174 28.423 26.622 30.961 27.891 25.557 24.169 22.618 22.218 22.590 23.134 
10.950 87.603 40.437 33.741 29.905 28.459 26.787 31.820 28.016 25.790 24.283 22.678 22.250 22.653 23.193 
11.600 89.164 38.010 35.610 29.800 28.939 27.216 32.139 28.567 25.992 24.406 22.817 22.340 22.732 23.311 
12.288 nan 59.551 36.927 30.753 29.085 27.450 33.042 28.627 26.237 24.549 22.909 22.417 22.832 23.406 
13.016 91.182 56.440 33.564 31.288 29.832 27.883 33.244 29.367 26.501 24.661 23.025 22.514 22.940 23.513 
13.788 94.537 43.021 36.163 31.769 29.796 28.049 35.065 29.329 26.620 24.806 23.163 22.626 23.082 23.639 
14.606 nan nan 41.300 33.229 30.102 28.379 37.824 29.688 26.977 25.006 23.274 22.727 23.256 23.759 
15.472 95.600 49.110 38.259 33.108 31.585 29.289 35.696 30.837 27.336 25.118 23.427 22.857 23.342 23.893 
16.390 96.631 84.894 36.748 34.214 30.712 29.102 35.142 30.501 27.559 25.400 23.549 22.997 23.518 24.042 
17.362 100.485 nan 48.386 34.384 30.933 29.700 36.163 30.838 27.948 25.470 23.746 23.165 23.606 24.210 
18.392 99.128 88.746 44.618 33.082 31.851 30.067 41.229 31.515 28.216 25.704 23.953 23.331 23.780 24.392 
19.482 101.024 80.237 33.847 nan 31.573 30.421 34.484 31.442 28.648 26.004 24.163 23.577 23.847 24.619 
20.638 103.570 74.239 49.008 38.533 34.511 30.631 39.558 32.608 28.895 26.156 24.463 23.893 23.992 24.918 
21.862 nan 65.456 40.945 36.850 32.412 30.619 39.205 32.022 28.830 26.157 24.702 24.153 24.070 25.126 
23.158 nan 44.430 37.680 33.833 31.058 30.060 36.795 31.062 28.170 25.967 24.818 24.389 24.138 25.242 
24.532 nan nan 35.971 33.092 30.645 29.905 34.887 30.786 28.054 25.956 25.049 24.804 24.312 25.486 
25.987 nan 74.011 38.045 33.437 31.097 30.161 36.224 31.170 28.211 26.121 25.277 25.183 24.445 25.736 
27.528 nan nan 44.734 35.174 31.795 30.487 39.546 31.673 28.559 26.364 25.422 25.415 24.550 25.922 
29.160 nan nan 45.585 36.518 32.902 31.021 40.917 32.595 28.916 26.652 25.637 25.628 24.725 26.145 
30.890 inf inf inf inf inf inf inf inf inf inf inf inf inf inf 
