# t[days] lsstu lsstg lsstr lssti lsstz lssty f062 f087 f106 f129 f158 f184 f213 f146 
0.103 22.551 22.685 24.256 24.449 22.968 24.675 23.834 23.494 25.481 23.997 25.714 26.087 25.641 24.752 
0.109 19.769 19.945 20.618 21.069 19.743 22.510 20.456 20.528 22.099 23.980 19.962 19.815 27.271 20.994 
0.116 19.771 19.663 20.950 20.101 21.149 21.642 20.217 21.103 20.717 22.309 23.057 28.374 26.360 21.774 
0.122 19.648 19.614 19.588 19.443 20.516 22.119 19.574 20.196 20.414 21.573 22.567 24.481 25.530 21.444 
0.130 19.529 19.882 19.804 20.287 20.824 21.221 19.804 21.094 20.856 22.022 22.445 24.277 29.337 21.765 
0.137 19.539 19.729 20.301 20.965 19.580 19.908 20.303 19.892 20.683 21.018 23.596 23.177 23.348 21.343 
0.145 19.781 19.864 20.190 19.822 21.109 20.831 20.044 20.624 20.697 20.790 21.931 22.937 20.932 21.237 
0.154 19.752 20.008 20.036 20.100 20.046 20.244 20.088 19.955 20.395 20.970 21.299 22.900 25.373 21.005 
0.163 19.602 20.092 20.033 20.134 20.191 21.303 20.154 20.239 20.706 20.457 21.326 22.329 21.689 21.032 
0.173 20.021 19.955 20.122 20.649 20.535 21.604 20.187 20.744 21.308 20.310 21.667 22.547 23.731 21.069 
0.183 19.942 20.072 20.182 20.137 19.962 21.029 20.245 20.153 21.273 20.266 20.499 21.976 21.554 20.952 
0.194 19.985 20.195 20.238 20.085 20.427 20.320 20.197 20.202 20.487 20.856 20.265 19.967 22.148 20.548 
0.206 20.128 20.049 20.136 20.076 20.306 21.060 20.138 20.325 21.120 20.625 21.587 22.750 21.841 21.198 
0.218 20.026 20.378 20.709 20.739 20.544 20.671 20.759 20.567 20.544 20.913 20.609 21.678 21.772 20.830 
0.231 20.057 20.189 20.375 20.420 20.979 20.961 20.277 20.909 21.039 21.288 21.386 22.245 21.624 21.337 
0.244 20.371 20.501 20.444 20.630 21.184 21.254 20.449 21.207 21.111 20.576 21.252 21.148 22.460 20.958 
0.259 20.250 20.450 20.547 21.135 20.639 21.009 20.624 20.888 21.021 21.353 20.464 22.148 22.370 20.941 
0.274 20.101 20.675 20.707 20.659 20.979 21.299 20.636 21.043 21.339 21.144 21.287 21.061 22.405 21.318 
0.290 20.466 20.603 20.736 20.650 21.081 20.865 20.721 20.791 21.261 21.255 21.189 20.752 20.714 21.131 
0.308 20.473 20.893 20.883 20.755 21.010 21.476 20.878 21.014 21.417 21.509 21.561 21.413 21.082 21.510 
0.326 20.562 20.681 20.663 20.771 20.788 20.420 20.677 20.652 20.920 21.780 21.477 21.187 21.320 21.234 
0.345 20.612 20.824 20.767 21.163 20.735 21.120 20.837 20.942 21.209 21.473 21.819 21.164 22.111 21.371 
0.366 20.638 20.568 20.837 21.009 20.637 20.734 20.786 20.757 21.091 21.496 21.748 21.556 21.882 21.425 
0.387 20.798 20.818 20.973 20.961 20.808 20.621 20.881 20.869 20.586 21.262 21.582 21.874 21.773 21.145 
0.410 20.791 20.977 21.080 20.998 20.918 20.701 21.035 20.894 20.832 21.311 21.656 21.172 21.038 21.174 
0.435 20.884 20.833 20.934 20.811 20.964 21.029 20.867 20.964 21.068 21.250 21.488 21.648 21.676 21.303 
0.461 21.038 20.832 20.794 20.729 20.885 21.297 20.718 20.993 21.224 21.090 21.403 21.403 21.787 21.290 
0.488 21.154 21.014 20.897 21.030 20.834 20.985 20.911 20.879 21.137 21.227 21.511 21.273 21.741 21.284 
0.517 21.201 21.011 20.978 20.856 21.172 21.108 20.918 21.076 21.144 21.279 21.373 21.296 21.450 21.280 
0.547 21.246 21.122 21.044 21.035 21.033 21.189 21.057 21.042 21.140 21.198 21.322 21.508 21.643 21.285 
0.580 21.199 21.105 21.018 20.986 21.119 21.150 21.034 21.059 21.173 21.103 21.463 21.766 21.715 21.322 
0.614 21.421 21.165 21.059 21.026 21.066 20.961 21.027 21.025 21.088 21.213 21.368 21.278 21.713 21.210 
0.651 21.374 21.216 20.985 20.998 21.199 21.082 21.016 21.066 21.216 21.306 21.522 21.428 21.518 21.341 
0.689 21.513 21.148 21.002 21.058 21.038 21.263 21.028 21.098 21.179 21.206 21.347 21.301 21.666 21.245 
0.730 21.574 21.191 21.028 20.901 20.856 20.963 20.979 20.910 20.972 21.097 21.354 21.358 21.494 21.180 
0.773 21.686 21.205 21.050 21.036 21.021 21.022 21.064 21.025 21.079 21.128 21.176 21.243 21.718 21.160 
0.819 21.754 21.307 21.071 20.923 21.048 21.019 21.039 21.015 21.074 21.193 21.189 21.368 21.523 21.194 
0.868 21.954 21.368 21.036 21.053 21.081 21.061 21.082 21.040 21.108 21.097 21.220 21.271 21.578 21.160 
0.919 22.078 21.490 21.176 20.972 21.059 21.118 21.157 21.050 21.053 21.023 21.204 21.321 21.573 21.140 
0.974 22.315 21.573 21.168 21.014 20.932 21.064 21.183 20.976 21.046 21.108 21.252 21.335 21.491 21.169 
1.032 22.473 21.625 21.339 21.112 20.982 20.916 21.309 20.969 20.994 21.126 21.231 21.326 21.577 21.142 
1.093 22.578 21.743 21.374 21.060 20.991 20.992 21.330 20.991 21.009 20.988 21.166 21.287 21.526 21.102 
1.158 22.724 21.873 21.423 21.107 21.042 21.029 21.390 21.045 21.002 21.003 21.126 21.173 21.539 21.075 
1.226 22.945 21.935 21.526 21.239 21.147 21.020 21.505 21.115 21.066 21.099 21.250 21.294 21.549 21.167 
1.299 23.206 22.037 21.556 21.277 21.105 21.062 21.538 21.133 21.006 21.000 21.173 21.269 21.437 21.098 
1.376 23.432 22.168 21.617 21.248 21.141 21.000 21.595 21.120 21.012 20.985 21.163 21.295 21.354 21.090 
1.458 23.485 22.150 21.663 21.245 21.160 20.979 21.594 21.125 20.969 20.995 21.157 21.258 21.339 21.076 
1.544 23.877 22.237 21.666 21.274 21.102 20.977 21.631 21.100 20.931 20.890 21.100 21.196 21.327 21.014 
1.636 24.016 22.376 21.682 21.261 21.117 20.935 21.647 21.101 20.952 20.928 21.088 21.177 21.274 21.024 
1.733 24.471 22.459 21.768 21.312 21.145 20.964 21.731 21.120 20.981 20.964 21.117 21.184 21.331 21.053 
1.836 24.802 22.638 21.771 21.314 21.158 20.970 21.767 21.119 20.951 20.978 21.108 21.143 21.273 21.037 
1.944 25.164 22.774 21.834 21.411 21.163 20.954 21.847 21.149 20.957 20.942 21.104 21.173 21.274 21.034 
2.060 25.504 22.988 21.966 21.432 21.284 20.987 21.961 21.205 20.984 20.945 21.113 21.149 21.215 21.040 
2.182 25.771 23.202 22.090 21.514 21.261 20.986 22.073 21.213 21.000 20.994 21.174 21.193 21.219 21.080 
2.311 26.283 23.396 22.234 21.628 21.330 21.068 22.227 21.289 21.055 21.008 21.163 21.169 21.202 21.090 
2.448 26.574 23.634 22.318 21.736 21.409 21.095 22.333 21.361 21.103 21.017 21.159 21.175 21.146 21.107 
2.594 27.417 24.032 22.503 21.813 21.438 21.124 22.512 21.396 21.123 21.012 21.137 21.182 21.134 21.108 
2.747 27.641 24.383 22.689 21.954 21.539 21.163 22.695 21.481 21.166 21.037 21.139 21.179 21.122 21.129 
2.910 28.304 24.623 22.860 22.072 21.637 21.190 22.865 21.556 21.206 21.059 21.155 21.187 21.135 21.146 
3.083 29.015 24.924 23.125 22.271 21.739 21.351 23.094 21.697 21.297 21.100 21.154 21.242 21.116 21.197 
3.266 29.236 25.212 23.377 22.410 21.888 21.464 23.292 21.835 21.422 21.181 21.159 21.231 21.108 21.245 
3.459 29.808 25.472 23.562 22.597 22.029 21.610 23.471 21.996 21.536 21.252 21.160 21.212 21.102 21.292 
3.665 30.383 25.778 23.841 22.779 22.183 21.659 23.713 22.118 21.644 21.318 21.213 21.236 21.125 21.353 
3.882 30.677 26.003 24.150 22.973 22.320 21.892 23.944 22.319 21.814 21.440 21.252 21.256 21.135 21.437 
4.112 30.944 26.374 24.522 23.213 22.535 22.013 24.237 22.513 21.922 21.523 21.293 21.297 21.176 21.501 
4.356 32.351 26.758 24.872 23.456 22.721 22.219 24.515 22.728 22.098 21.622 21.313 21.273 21.205 21.560 
4.614 32.828 27.150 25.338 23.711 22.865 22.346 24.846 22.890 22.206 21.715 21.351 21.333 21.211 21.627 
4.888 35.326 27.668 25.691 24.078 23.141 22.602 25.216 23.175 22.400 21.878 21.384 21.314 21.239 21.704 
5.178 39.349 28.195 26.456 24.503 23.445 22.834 25.740 23.467 22.594 21.993 21.425 21.367 21.306 21.791 
5.485 36.314 28.709 26.952 24.930 23.804 23.063 26.185 23.801 22.778 22.157 21.511 21.404 21.332 21.887 
5.810 36.154 29.821 27.595 25.362 24.173 23.340 26.681 24.142 22.978 22.302 21.575 21.464 21.397 21.982 
6.155 42.839 30.162 28.196 25.793 24.514 23.567 27.122 24.447 23.172 22.476 21.691 21.538 21.513 22.101 
6.520 47.336 30.650 28.821 26.338 24.837 23.851 27.766 24.774 23.409 22.623 21.794 21.620 21.584 22.219 
6.906 46.775 31.231 29.209 26.895 25.204 24.068 28.247 25.099 23.634 22.795 21.933 21.730 21.710 22.362 
7.316 nan 31.709 30.097 27.309 25.594 24.369 28.649 25.468 23.869 22.903 22.019 21.857 21.783 22.483 
7.750 60.561 32.440 29.950 27.816 25.920 24.595 29.027 25.737 24.091 23.043 22.176 21.982 21.919 22.626 
8.210 67.965 32.370 30.793 28.311 26.204 24.794 29.516 25.987 24.301 23.205 22.320 22.112 22.039 22.775 
8.696 86.234 33.845 31.797 28.506 26.537 25.124 29.918 26.279 24.560 23.336 22.528 22.314 22.195 22.969 
9.212 79.341 35.344 32.702 28.904 26.874 25.435 30.433 26.644 24.882 23.485 22.730 22.488 22.419 23.156 
9.759 nan 37.898 34.001 29.634 27.163 25.661 31.450 26.875 25.172 23.627 22.860 22.718 22.589 23.336 
10.337 nan 34.961 33.291 30.433 27.672 26.155 31.824 27.353 25.561 23.780 23.037 22.877 22.755 23.519 
10.950 nan 43.915 35.495 30.915 28.125 26.549 33.063 27.804 25.867 24.037 23.195 23.070 22.963 23.720 
11.600 nan 50.537 34.287 31.130 28.620 26.865 32.761 28.227 26.169 24.290 23.411 23.286 23.176 23.947 
12.288 nan 45.746 36.194 31.976 28.827 27.702 34.221 28.759 26.673 24.568 23.667 23.541 23.470 24.221 
13.016 nan 66.273 41.922 31.463 29.336 28.136 33.275 29.292 27.100 24.897 23.937 23.805 23.829 24.514 
13.788 95.136 60.946 37.480 32.357 30.270 28.926 34.477 30.180 27.485 25.348 24.222 24.075 24.112 24.824 
14.606 96.793 nan 36.655 34.400 31.956 29.499 36.160 31.111 27.910 25.914 24.640 24.535 24.491 25.279 
15.472 nan nan 42.570 35.574 31.562 30.251 38.034 31.475 28.527 26.361 25.002 24.910 24.850 25.659 
16.390 nan nan 64.418 34.914 32.103 31.003 40.060 32.139 29.039 26.687 25.409 25.357 25.245 26.072 
17.362 101.605 85.841 nan 38.729 32.674 30.727 39.693 32.064 29.086 26.915 25.863 25.804 25.559 26.475 
18.392 103.971 nan nan 37.054 32.974 31.327 38.027 32.515 29.800 27.210 26.415 26.494 25.925 27.018 
19.482 103.615 87.225 80.843 35.868 33.469 31.395 58.095 32.872 30.640 28.024 27.266 27.144 26.652 27.809 
20.638 104.838 89.458 84.146 72.159 37.106 33.271 nan 34.786 32.150 29.126 28.271 28.372 27.597 28.903 
21.862 nan nan nan nan nan 43.844 nan 66.906 33.868 31.700 30.668 29.997 29.008 30.997 
23.158 nan nan 89.982 nan 78.065 75.714 nan 76.400 61.063 32.651 32.520 31.976 29.504 32.672 
24.532 110.420 nan nan 80.223 77.046 76.831 nan 77.701 nan 36.159 33.282 31.084 30.753 32.565 
25.987 109.280 nan nan 81.296 78.581 nan nan nan 76.480 nan 45.878 31.715 30.720 33.291 
27.528 111.080 nan nan 81.360 78.886 nan nan nan 78.439 nan nan 32.454 31.412 34.030 
29.160 110.960 nan nan 84.488 81.121 nan 86.198 nan 81.432 nan 34.233 33.287 31.673 34.837 
30.890 inf inf inf inf inf inf inf inf inf inf inf inf inf inf 
