# t[days] lsstu lsstg lsstr lssti lsstz lssty f062 f087 f106 f129 f158 f184 f213 f146 
0.103 26.488 26.328 27.314 28.867 29.527 27.584 27.161 29.175 28.056 29.851 29.458 29.691 34.536 28.876 
0.109 22.742 23.335 23.356 25.222 27.813 25.169 23.544 25.937 25.965 27.005 29.189 32.647 28.499 26.986 
0.116 22.659 23.026 23.740 24.678 23.607 25.233 23.771 24.271 25.662 23.866 24.880 28.797 26.781 24.909 
0.122 22.482 22.855 23.017 23.358 24.884 26.069 23.047 24.361 23.805 24.214 24.721 24.921 26.022 24.414 
0.130 22.377 22.704 22.988 23.854 23.143 22.645 23.165 23.370 22.931 23.834 24.917 24.914 33.795 23.784 
0.137 22.190 22.608 22.462 23.763 24.142 23.586 22.724 23.873 23.763 23.895 25.670 24.308 23.334 24.149 
0.145 22.337 22.406 22.537 23.173 22.980 23.025 22.678 23.043 23.505 24.722 24.541 24.193 26.784 23.998 
0.154 22.231 22.337 22.766 23.237 24.524 24.322 22.668 24.338 23.691 23.859 23.473 24.100 26.397 23.953 
0.163 22.285 22.518 22.681 22.708 23.716 23.710 22.664 23.280 23.617 24.116 24.469 24.821 23.536 24.094 
0.173 22.502 22.701 22.909 22.876 23.418 24.241 22.849 23.564 23.908 23.942 24.879 26.020 24.736 24.393 
0.183 22.524 22.643 23.103 22.971 23.741 23.762 22.949 23.517 23.436 24.069 24.889 24.664 24.267 24.128 
0.194 22.571 22.559 22.740 22.846 23.533 24.246 22.692 23.514 23.977 23.683 24.206 25.643 24.646 24.187 
0.206 22.562 22.694 22.897 23.259 23.418 24.591 22.970 23.559 23.734 24.021 24.332 23.722 24.314 23.915 
0.218 22.609 22.831 23.180 23.157 23.335 23.834 23.081 23.489 23.832 23.604 24.452 24.551 24.840 23.963 
0.231 22.695 22.940 23.100 23.635 23.857 23.979 23.181 23.872 23.624 23.823 24.277 25.157 25.786 24.011 
0.244 22.765 22.978 23.013 23.424 23.283 23.681 23.108 23.496 23.674 24.282 24.780 24.612 24.752 24.226 
0.259 22.928 23.170 23.242 23.449 23.366 23.727 23.316 23.423 23.888 23.807 24.318 24.759 24.600 24.099 
0.274 22.961 23.147 23.224 23.495 23.482 23.466 23.288 23.410 23.594 23.652 24.187 24.590 24.772 23.884 
0.290 22.935 23.126 23.366 23.410 23.520 23.595 23.345 23.461 23.671 23.641 23.884 24.749 25.035 23.892 
0.308 23.043 23.152 23.225 23.290 23.221 23.579 23.245 23.280 23.629 23.501 23.739 23.852 23.928 23.698 
0.326 23.134 23.183 23.209 23.251 23.184 23.282 23.199 23.293 23.373 23.741 23.883 23.876 24.144 23.664 
0.345 23.253 23.108 23.124 23.195 23.197 23.439 23.110 23.272 23.421 23.372 23.549 24.352 24.441 23.551 
0.366 23.534 23.401 23.015 23.378 23.160 23.364 23.167 23.298 23.324 23.354 23.642 23.984 24.593 23.523 
0.387 23.613 23.310 23.070 23.208 23.159 23.167 23.132 23.162 23.160 23.322 23.720 23.755 24.236 23.439 
0.410 23.786 23.579 23.315 23.087 23.157 23.221 23.299 23.142 23.257 23.230 23.595 23.698 23.720 23.402 
0.435 24.067 23.696 23.314 23.230 23.177 23.150 23.337 23.191 23.208 23.286 23.421 23.633 23.477 23.346 
0.461 24.193 23.790 23.511 23.325 23.278 23.194 23.486 23.291 23.215 23.323 23.368 23.328 23.623 23.312 
0.488 24.427 23.972 23.570 23.350 23.317 23.370 23.538 23.365 23.333 23.415 23.412 23.555 23.526 23.424 
0.517 24.752 24.306 23.834 23.551 23.515 23.513 23.854 23.519 23.461 23.527 23.524 23.469 23.673 23.484 
0.547 24.932 24.391 23.880 23.756 23.666 23.564 23.925 23.661 23.523 23.486 23.471 23.472 23.613 23.494 
0.580 25.236 24.577 24.022 23.787 23.785 23.620 24.041 23.724 23.648 23.467 23.544 23.481 23.552 23.547 
0.614 25.520 24.610 24.152 23.926 23.786 23.786 24.139 23.853 23.752 23.679 23.541 23.579 23.534 23.641 
0.651 25.850 24.856 24.254 23.973 23.840 23.715 24.250 23.827 23.717 23.787 23.662 23.729 23.832 23.737 
0.689 26.133 25.095 24.473 24.148 23.968 23.794 24.445 23.951 23.858 23.700 23.780 23.669 23.791 23.763 
0.730 26.447 25.299 24.638 24.211 24.068 23.852 24.586 24.049 23.890 23.840 23.751 23.693 23.797 23.807 
0.773 26.797 25.572 24.760 24.339 24.150 24.035 24.721 24.166 24.033 23.858 23.709 23.638 23.774 23.822 
0.819 27.084 25.642 24.911 24.464 24.209 24.055 24.852 24.236 24.099 23.987 23.681 23.792 23.875 23.881 
0.868 27.401 25.740 24.971 24.515 24.363 24.211 24.925 24.336 24.195 23.989 23.783 23.782 23.855 23.940 
0.919 27.667 26.011 25.082 24.560 24.393 24.180 25.038 24.364 24.156 24.013 23.821 23.777 23.912 23.946 
0.974 28.023 26.196 25.200 24.670 24.402 24.293 25.163 24.411 24.269 24.027 23.862 23.828 23.830 24.005 
1.032 28.629 26.274 25.207 24.806 24.578 24.400 25.192 24.595 24.385 24.150 23.916 23.982 23.822 24.102 
1.093 29.086 26.539 25.419 24.892 24.618 24.485 25.391 24.631 24.521 24.144 23.967 24.077 24.049 24.171 
1.158 29.719 26.760 25.596 24.982 24.632 24.569 25.546 24.683 24.559 24.217 24.001 24.036 24.059 24.190 
1.226 29.938 27.042 25.642 25.057 24.710 24.600 25.596 24.763 24.640 24.286 24.028 24.089 24.124 24.248 
1.299 30.598 27.306 25.779 25.076 24.774 24.630 25.739 24.774 24.632 24.304 24.056 24.143 24.158 24.281 
1.376 30.862 27.534 25.975 25.208 24.856 24.699 25.901 24.883 24.709 24.331 24.080 24.217 24.310 24.330 
1.458 31.741 27.860 26.204 25.355 24.865 24.686 26.100 24.916 24.713 24.360 24.157 24.252 24.245 24.361 
1.544 31.423 28.066 26.298 25.426 24.944 24.800 26.192 24.997 24.749 24.425 24.228 24.334 24.271 24.428 
1.636 32.076 28.419 26.374 25.507 24.959 24.817 26.305 25.020 24.813 24.459 24.254 24.337 24.346 24.457 
1.733 32.697 28.716 26.703 25.637 25.113 24.987 26.549 25.175 24.888 24.507 24.301 24.392 24.389 24.511 
1.836 32.456 29.072 26.889 25.787 25.185 25.024 26.719 25.262 24.941 24.640 24.325 24.415 24.456 24.568 
1.944 33.649 29.484 27.117 25.997 25.310 25.142 26.937 25.396 24.998 24.647 24.334 24.397 24.392 24.578 
2.060 34.436 29.734 27.409 26.059 25.364 25.095 27.132 25.413 25.009 24.704 24.350 24.440 24.441 24.613 
2.182 36.464 30.222 27.664 26.218 25.516 25.218 27.333 25.567 25.092 24.757 24.379 24.424 24.478 24.647 
2.311 35.498 30.368 27.903 26.401 25.613 25.310 27.551 25.671 25.163 24.838 24.422 24.435 24.465 24.694 
2.448 38.534 30.619 28.228 26.552 25.782 25.403 27.794 25.811 25.226 24.903 24.438 24.420 24.458 24.726 
2.594 35.048 31.287 28.572 26.783 25.934 25.493 28.083 25.943 25.287 24.936 24.438 24.394 24.448 24.736 
2.747 36.584 31.646 28.934 26.954 26.089 25.616 28.350 26.095 25.373 25.045 24.509 24.419 24.461 24.811 
2.910 40.711 31.792 29.129 27.137 26.268 25.707 28.531 26.238 25.453 25.103 24.520 24.444 24.467 24.843 
3.083 42.235 32.244 29.557 27.393 26.502 25.918 28.893 26.459 25.601 25.165 24.573 24.432 24.489 24.895 
3.266 40.589 32.741 29.886 27.768 26.741 26.145 29.325 26.714 25.771 25.313 24.638 24.448 24.517 24.976 
3.459 47.830 33.165 30.308 27.952 27.130 26.370 29.651 27.004 25.934 25.405 24.718 24.486 24.564 25.056 
3.665 54.352 33.999 30.738 28.333 27.415 26.600 30.141 27.273 26.106 25.543 24.783 24.491 24.538 25.125 
3.882 58.154 34.085 31.073 28.773 27.664 26.815 30.617 27.526 26.295 25.672 24.903 24.531 24.591 25.220 
4.112 61.077 34.760 31.644 29.200 28.048 27.144 31.216 27.903 26.514 25.822 24.985 24.589 24.625 25.317 
4.356 57.696 36.585 32.461 29.631 28.450 27.525 31.780 28.311 26.792 26.016 25.087 24.642 24.684 25.428 
4.614 58.967 35.736 33.282 30.190 28.901 27.894 32.674 28.729 27.045 26.167 25.193 24.687 24.740 25.524 
4.888 69.867 36.836 34.347 30.921 29.551 28.434 33.733 29.337 27.434 26.381 25.319 24.750 24.811 25.652 
5.178 66.354 39.398 35.008 31.706 30.199 28.969 34.360 29.926 27.793 26.589 25.452 24.837 24.888 25.787 
5.485 79.737 40.007 35.561 32.036 30.771 29.465 35.085 30.468 28.119 26.803 25.621 24.958 25.017 25.939 
5.810 85.466 42.197 36.097 32.772 31.364 30.058 35.497 31.070 28.541 27.039 25.770 25.088 25.132 26.100 
6.155 84.291 43.066 36.626 33.683 32.200 30.778 36.683 31.984 28.950 27.302 25.968 25.234 25.289 26.284 
6.520 85.270 47.477 37.648 33.587 32.504 31.117 37.210 32.121 29.277 27.579 26.170 25.418 25.453 26.488 
6.906 nan 42.170 38.438 34.497 33.296 31.608 38.011 32.775 29.707 27.853 26.413 25.599 25.618 26.696 
7.316 nan 48.569 39.615 35.309 33.822 32.083 37.498 33.398 30.086 28.097 26.627 25.826 25.799 26.930 
7.750 nan 45.481 41.425 35.682 34.279 32.515 40.173 33.869 30.572 28.281 26.797 26.022 26.006 27.123 
8.210 100.142 57.691 40.435 35.849 34.902 32.351 39.895 33.630 30.744 28.547 27.048 26.298 26.258 27.384 
8.696 nan 50.080 40.935 36.310 34.339 32.566 40.285 33.961 30.988 28.622 27.202 26.557 26.468 27.595 
9.212 103.753 54.562 39.242 35.532 34.214 32.242 37.734 33.443 31.008 28.656 27.367 26.851 26.694 27.812 
9.759 nan 44.522 39.712 36.352 33.737 32.211 38.313 33.433 31.123 28.735 27.482 27.116 26.917 28.000 
10.337 nan 44.374 39.353 36.417 33.328 31.922 38.744 32.975 30.974 28.718 27.574 27.374 27.118 28.149 
10.950 105.975 43.609 40.852 36.204 33.242 32.110 38.805 33.077 31.218 28.860 27.633 27.512 27.283 28.270 
11.600 108.210 68.629 41.402 36.926 34.107 32.460 38.995 33.549 31.488 29.026 27.798 27.675 27.448 28.433 
12.288 109.551 76.116 41.282 36.801 34.268 32.723 40.864 33.781 31.602 29.201 27.878 27.819 27.576 28.559 
13.016 112.128 61.878 42.185 39.096 35.229 33.238 40.449 34.488 31.978 29.404 27.973 27.930 27.718 28.678 
13.788 nan 89.101 47.470 41.663 34.983 33.685 48.066 34.853 32.302 29.652 28.088 28.060 27.801 28.813 
14.606 nan 88.352 67.503 39.366 36.479 34.253 42.209 35.615 32.712 29.969 28.237 28.213 27.990 28.985 
15.472 116.161 nan 73.800 39.279 37.111 34.887 47.344 36.314 33.220 30.237 28.410 28.360 28.122 29.163 
16.390 118.017 92.341 nan 46.801 35.963 35.261 50.324 36.356 33.360 30.570 28.614 28.580 28.332 29.387 
17.362 nan nan nan 41.184 39.264 35.526 57.273 38.037 33.747 31.006 28.915 28.951 28.652 29.723 
18.392 nan nan 90.541 nan nan 36.136 85.195 42.871 34.138 31.642 29.261 29.411 29.071 30.115 
19.482 120.955 nan 92.454 76.225 42.404 36.322 87.278 37.711 35.225 32.757 30.209 30.349 29.951 31.065 
20.638 121.987 98.465 nan nan nan 40.506 nan 64.338 36.869 34.228 31.991 32.195 31.600 32.848 
21.862 124.250 100.168 nan 84.862 nan 77.898 nan 78.958 79.025 52.984 35.595 34.489 32.835 35.772 
23.158 nan nan 97.455 nan nan 84.385 91.602 nan 83.002 nan 36.674 35.310 33.601 36.681 
24.532 nan 100.531 nan 87.674 nan nan nan 82.901 nan 76.407 37.505 36.082 34.447 37.418 
25.987 nan 101.495 nan 87.879 nan 83.554 nan 84.017 nan nan 38.361 36.341 34.175 37.918 
27.528 nan 104.059 nan 89.225 nan nan 96.992 nan 84.713 nan nan 36.705 34.677 38.281 
29.160 nan nan 101.200 nan nan nan 95.740 nan nan 82.132 77.577 nan 35.708 nan 
30.890 inf inf inf inf inf inf inf inf inf inf inf inf inf inf 
