# t[days] lsstu lsstg lsstr lssti lsstz lssty f062 f087 f106 f129 f158 f184 f213 f146 
0.103 25.918 26.289 28.139 27.702 29.699 29.512 27.405 28.311 29.085 29.034 28.504 28.711 34.165 29.010 
0.109 22.548 23.350 24.407 24.024 26.228 25.961 24.058 24.824 23.996 24.073 31.415 31.529 28.301 25.057 
0.116 22.545 22.884 23.625 24.579 26.234 23.397 23.643 25.725 23.591 27.210 27.037 27.454 27.202 24.775 
0.122 22.419 22.983 23.248 24.192 23.777 26.256 23.460 24.205 26.430 26.662 25.644 26.907 28.059 26.168 
0.130 22.306 22.703 22.886 23.398 23.171 23.038 22.973 23.289 23.391 24.050 24.425 23.957 26.784 23.940 
0.137 22.320 22.560 23.193 23.802 24.382 24.808 23.123 24.425 23.882 24.082 24.176 24.793 24.746 24.058 
0.145 22.413 22.554 22.725 23.419 23.644 24.526 22.742 24.006 24.246 24.478 26.528 27.155 25.106 24.982 
0.154 22.460 22.328 22.945 23.020 23.337 23.196 22.735 23.384 23.384 24.627 24.717 25.028 25.519 24.082 
0.163 22.173 22.459 22.854 23.218 24.567 23.937 22.854 23.954 23.918 23.902 24.096 26.973 24.216 24.205 
0.173 22.238 22.658 22.817 23.116 23.241 23.689 22.857 23.430 24.213 23.948 24.859 24.012 23.985 24.091 
0.183 22.574 22.746 22.906 22.993 23.570 23.721 22.912 23.457 23.449 23.425 23.811 24.300 24.038 23.697 
0.194 22.463 22.581 23.097 23.174 23.682 24.046 22.994 23.515 24.120 24.238 24.165 24.977 25.365 24.391 
0.206 22.441 22.637 23.125 23.299 23.585 23.780 22.968 23.699 23.849 24.493 24.578 24.611 24.036 24.331 
0.218 22.682 22.789 22.845 23.641 23.545 23.747 23.032 23.589 23.943 23.793 24.112 24.685 25.417 24.107 
0.231 22.831 22.793 23.309 23.616 23.393 23.811 23.209 23.576 23.974 24.156 24.463 25.091 24.233 24.334 
0.244 22.726 22.949 23.321 23.240 23.213 23.096 23.166 23.227 23.362 23.905 24.154 24.742 24.902 23.857 
0.259 22.975 23.223 23.139 23.308 23.629 23.848 23.175 23.575 23.747 23.639 23.986 24.733 24.572 23.941 
0.274 23.076 23.165 23.206 23.156 23.258 23.499 23.221 23.201 23.825 23.863 23.722 23.972 24.979 23.816 
0.290 23.164 23.119 23.183 23.285 23.362 23.720 23.138 23.488 23.683 23.733 24.096 25.042 24.573 23.960 
0.308 23.262 23.264 23.243 23.324 23.356 23.376 23.278 23.310 23.715 23.623 23.768 24.347 24.630 23.816 
0.326 23.526 23.343 23.283 23.260 23.505 23.283 23.286 23.334 23.329 23.544 23.678 24.309 24.557 23.608 
0.345 23.712 23.461 23.158 23.222 23.298 23.352 23.226 23.289 23.433 23.654 23.672 24.463 23.968 23.674 
0.366 23.904 23.542 23.205 23.248 22.985 23.499 23.260 23.161 23.425 23.370 23.650 23.726 24.478 23.556 
0.387 24.292 23.689 23.303 23.231 23.191 23.119 23.328 23.177 23.206 23.227 23.469 23.889 24.571 23.390 
0.410 24.689 24.018 23.452 23.312 23.227 23.235 23.467 23.282 23.279 23.357 23.463 23.368 23.860 23.371 
0.435 24.846 23.978 23.535 23.340 23.262 23.138 23.535 23.192 23.188 23.277 23.374 23.559 23.840 23.305 
0.461 25.069 24.186 23.781 23.528 23.419 23.279 23.752 23.415 23.361 23.303 23.323 23.509 23.820 23.372 
0.488 25.547 24.551 23.898 23.625 23.490 23.467 23.906 23.507 23.490 23.324 23.310 23.448 23.780 23.402 
0.517 25.623 24.967 24.071 23.786 23.624 23.635 24.100 23.677 23.515 23.519 23.485 23.610 23.804 23.530 
0.547 26.008 25.046 24.267 23.996 23.701 23.735 24.305 23.758 23.689 23.622 23.589 23.741 23.845 23.655 
0.580 26.099 25.229 24.426 24.079 23.885 23.742 24.415 23.925 23.828 23.721 23.568 23.537 23.713 23.666 
0.614 26.410 25.503 24.691 24.238 24.051 24.000 24.661 24.084 23.978 23.793 23.555 23.620 23.740 23.742 
0.651 26.623 25.612 24.857 24.355 24.074 24.016 24.812 24.114 24.031 23.878 23.702 23.755 23.723 23.848 
0.689 27.090 26.024 25.173 24.472 24.357 24.229 25.043 24.357 24.131 23.973 23.699 23.764 23.824 23.893 
0.730 27.801 26.312 25.354 24.785 24.375 24.143 25.285 24.412 24.184 24.087 23.823 23.761 23.843 23.963 
0.773 27.731 26.597 25.600 24.869 24.622 24.338 25.477 24.593 24.289 24.073 23.759 23.827 23.989 23.986 
0.819 28.591 26.881 25.814 25.102 24.657 24.525 25.707 24.737 24.401 24.159 23.883 23.939 24.094 24.098 
0.868 28.799 27.385 26.285 25.353 24.886 24.572 26.157 24.863 24.535 24.265 23.926 23.932 24.067 24.148 
0.919 29.078 27.764 26.500 25.524 25.150 24.686 26.334 25.084 24.651 24.399 23.939 23.925 23.996 24.208 
0.974 29.211 27.842 26.696 25.853 25.235 24.879 26.594 25.233 24.833 24.435 24.015 23.998 24.146 24.302 
1.032 29.937 27.944 26.802 26.029 25.301 25.070 26.717 25.376 24.963 24.513 24.020 24.104 24.112 24.367 
1.093 29.782 28.592 27.052 26.172 25.577 25.249 26.973 25.582 25.115 24.657 24.161 24.200 24.204 24.492 
1.158 30.744 29.145 27.335 26.309 25.870 25.411 27.180 25.797 25.281 24.741 24.175 24.243 24.256 24.562 
1.226 30.934 29.307 27.396 26.616 26.102 25.586 27.344 26.039 25.507 24.900 24.328 24.389 24.339 24.710 
1.299 31.623 29.424 27.723 26.753 26.081 25.820 27.560 26.140 25.622 24.984 24.394 24.386 24.418 24.772 
1.376 32.216 30.281 28.280 27.172 26.536 26.054 28.111 26.532 25.737 25.032 24.441 24.502 24.553 24.852 
1.458 32.517 30.140 28.460 27.442 26.559 26.098 28.213 26.593 25.893 25.163 24.503 24.629 24.597 24.959 
1.544 35.047 30.978 28.736 27.537 26.976 26.515 28.459 26.972 26.143 25.223 24.622 24.648 24.531 25.051 
1.636 33.411 31.469 29.194 27.965 27.117 26.735 28.905 27.151 26.371 25.312 24.671 24.667 24.637 25.125 
1.733 34.536 31.500 29.600 28.191 27.418 27.020 29.320 27.452 26.523 25.450 24.762 24.713 24.714 25.214 
1.836 35.002 31.650 29.953 28.427 27.773 27.197 29.557 27.752 26.575 25.449 24.798 24.751 24.726 25.249 
1.944 34.136 32.293 29.949 28.704 27.795 27.280 29.658 27.833 26.763 25.613 24.844 24.787 24.786 25.324 
2.060 33.877 32.694 30.564 28.913 28.037 27.534 30.062 28.059 26.945 25.663 24.910 24.748 24.765 25.355 
2.182 34.948 32.984 30.690 29.245 28.210 27.786 30.313 28.266 27.100 25.759 24.969 24.781 24.785 25.424 
2.311 nan 33.207 31.212 29.523 28.383 27.925 30.758 28.447 27.190 25.830 24.957 24.764 24.796 25.423 
2.448 38.192 34.371 31.115 29.812 28.701 28.173 31.135 28.662 27.394 25.951 25.019 24.723 24.762 25.462 
2.594 54.571 34.337 31.538 30.182 28.941 28.326 31.336 28.991 27.597 25.978 25.028 24.737 24.809 25.484 
2.747 45.151 34.560 31.990 30.340 29.102 28.580 31.669 29.130 27.793 26.122 25.096 24.703 24.788 25.530 
2.910 42.741 35.787 32.095 30.342 29.363 28.651 31.625 29.331 27.829 26.201 25.151 24.746 24.794 25.577 
3.083 38.592 35.558 32.681 31.259 29.723 28.950 32.432 29.735 28.033 26.298 25.204 24.752 24.845 25.621 
3.266 47.214 36.818 34.104 30.995 29.758 29.106 32.775 29.725 28.187 26.378 25.229 24.772 24.868 25.652 
3.459 nan 40.446 33.574 31.681 30.259 29.304 33.309 30.162 28.332 26.456 25.305 24.787 24.895 25.704 
3.665 81.529 37.883 33.587 31.990 30.284 29.466 33.706 30.263 28.378 26.517 25.370 24.788 24.914 25.734 
3.882 nan 39.443 34.273 31.793 30.591 29.716 33.457 30.571 28.568 26.610 25.429 24.804 24.898 25.774 
4.112 83.614 40.555 35.405 32.553 31.170 29.982 34.770 31.040 28.742 26.694 25.496 24.852 24.960 25.839 
4.356 87.693 47.484 33.952 32.945 31.469 29.981 34.012 31.103 28.848 26.819 25.589 24.904 24.997 25.914 
4.614 86.143 52.619 35.398 33.691 31.418 30.350 35.276 31.385 29.078 26.927 25.659 24.949 25.039 25.979 
4.888 86.991 43.667 36.963 33.634 31.776 30.710 35.542 31.798 29.257 27.099 25.778 25.004 25.109 26.071 
5.178 88.611 45.093 38.537 34.275 32.713 31.367 37.457 32.532 29.517 27.217 25.890 25.087 25.183 26.165 
5.485 90.022 43.700 39.290 35.321 33.105 31.180 38.315 32.684 29.730 27.378 26.037 25.193 25.264 26.288 
5.810 92.257 73.305 40.310 35.529 33.545 31.389 38.440 32.941 29.982 27.622 26.191 25.342 25.422 26.451 
6.155 nan 78.925 45.384 35.439 33.511 31.584 39.265 33.110 30.236 27.839 26.379 25.510 25.525 26.629 
6.520 nan 89.288 43.887 36.455 34.067 31.947 38.528 33.458 30.592 28.080 26.537 25.630 25.631 26.773 
6.906 96.061 87.806 nan 35.915 34.097 32.869 37.558 34.034 30.941 28.282 26.763 25.833 25.775 26.986 
7.316 96.737 77.609 59.653 39.811 35.239 33.035 46.922 34.798 31.280 28.469 26.925 26.059 25.930 27.189 
7.750 98.136 72.977 57.618 39.097 33.527 34.182 41.367 34.115 31.741 28.592 27.068 26.249 26.120 27.358 
8.210 nan 63.924 54.581 39.546 36.857 34.200 45.814 35.704 32.129 28.751 27.268 26.509 26.339 27.597 
8.696 100.708 68.034 52.577 42.276 39.190 33.971 44.939 36.776 32.101 28.904 27.398 26.753 26.536 27.798 
9.212 102.438 59.081 46.191 37.619 36.562 34.493 41.510 35.762 32.145 28.937 27.497 26.983 26.700 27.969 
9.759 107.968 61.886 44.108 38.257 34.957 33.253 40.192 34.371 31.874 28.902 27.563 27.232 26.919 28.112 
10.337 104.867 49.415 41.942 36.624 33.649 32.207 39.176 33.288 31.317 28.811 27.605 27.429 27.104 28.207 
10.950 106.207 42.430 40.991 35.898 33.601 32.245 37.713 33.240 31.314 28.881 27.647 27.530 27.292 28.281 
11.600 107.276 67.803 38.794 36.114 33.920 32.459 38.154 33.451 31.386 28.996 27.804 27.707 27.433 28.442 
12.288 108.320 nan 40.361 38.477 34.376 32.769 39.762 33.957 31.685 29.206 27.873 27.830 27.592 28.553 
13.016 110.411 83.681 44.664 39.467 34.708 33.217 42.823 34.303 31.972 29.386 27.989 27.942 27.742 28.690 
13.788 111.507 90.403 48.039 41.198 34.850 33.697 47.898 34.685 32.263 29.636 28.082 28.060 27.833 28.805 
14.606 113.641 88.253 nan 41.061 36.873 34.407 42.865 35.741 32.815 29.931 28.222 28.232 27.981 28.984 
15.472 115.113 89.355 nan 42.413 36.570 34.942 48.482 36.226 33.028 30.210 28.383 28.369 28.111 29.143 
16.390 119.780 90.394 nan 47.203 36.196 35.437 52.910 36.304 33.245 30.533 28.583 28.553 28.332 29.358 
17.362 117.968 90.458 nan 43.671 39.451 35.200 nan 37.150 33.766 30.996 28.906 28.993 28.689 29.725 
18.392 nan 93.557 nan 49.299 37.953 35.666 nan 37.956 33.946 31.692 29.316 29.401 29.079 30.147 
19.482 nan nan 90.012 84.375 nan 36.635 88.169 38.165 34.899 32.598 30.100 30.269 29.939 30.960 
20.638 nan nan nan nan 74.301 38.919 90.009 nan 36.913 34.561 32.013 32.378 31.587 32.920 
21.862 123.233 98.370 nan 87.642 nan 78.884 nan 79.485 77.719 37.626 35.408 34.263 32.944 35.478 
23.158 nan nan 93.334 92.777 nan nan nan nan 81.537 nan 36.676 36.085 33.516 37.292 
24.532 125.720 99.184 97.206 89.466 nan 80.837 nan 82.682 80.566 nan 37.503 35.734 34.724 37.093 
25.987 125.739 100.337 nan 92.440 nan 82.715 nan 83.001 nan 79.444 38.865 37.139 34.157 38.716 
27.528 128.638 nan nan nan nan 83.606 96.593 83.935 nan 80.416 53.968 36.929 34.718 38.506 
29.160 133.595 nan nan nan 86.906 83.544 97.542 85.090 85.163 nan 74.265 39.510 35.316 41.087 
30.890 inf inf inf inf inf inf inf inf inf inf inf inf inf inf 
