# t[days] lsstu lsstg lsstr lssti lsstz lssty f062 f087 f106 f129 f158 f184 f213 f146 
0.103 23.321 23.174 21.941 26.587 29.292 25.143 22.542 26.321 25.960 27.784 28.640 37.527 31.365 26.988 
0.109 20.470 21.489 21.301 24.293 20.462 25.414 21.680 21.285 21.063 20.884 26.186 27.028 27.092 22.096 
0.116 19.153 20.305 20.356 23.002 22.272 22.172 20.590 22.431 23.007 24.165 23.874 26.382 43.586 23.817 
0.122 20.100 19.986 19.990 21.456 22.322 22.128 20.338 21.469 23.200 23.185 26.199 27.719 30.593 23.657 
0.130 19.240 19.746 21.651 20.397 21.935 19.807 20.581 20.480 20.317 24.129 24.097 24.944 24.466 21.511 
0.137 19.081 19.134 21.026 19.632 21.742 22.183 19.732 21.794 22.441 23.528 21.253 24.269 25.099 22.095 
0.145 18.499 19.520 19.650 20.018 20.805 20.899 19.653 20.827 21.722 23.423 20.727 20.827 25.960 21.560 
0.154 18.752 19.365 19.699 20.571 20.612 20.774 19.824 21.081 20.909 23.113 23.427 22.102 24.572 21.885 
0.163 18.782 19.079 20.096 20.608 20.262 20.650 19.861 20.575 20.589 20.420 23.861 21.958 24.687 21.049 
0.173 18.659 19.206 19.609 19.712 20.532 19.544 19.613 19.972 20.018 20.964 21.198 27.691 26.098 20.863 
0.183 18.689 19.081 19.753 19.790 21.172 21.312 19.681 20.392 21.807 22.381 23.242 23.512 22.478 22.435 
0.194 18.914 19.179 19.703 20.495 20.115 20.914 19.783 20.475 21.216 21.576 20.714 21.254 22.167 21.050 
0.206 19.017 19.363 20.580 19.948 19.270 19.921 20.063 19.601 20.406 20.916 21.040 24.091 23.502 20.897 
0.218 18.885 19.385 19.612 19.933 20.238 20.399 19.667 20.321 20.656 21.076 21.328 22.929 22.888 21.086 
0.231 18.802 19.134 20.189 19.766 21.377 20.789 19.838 20.467 20.884 20.780 21.644 21.695 22.337 21.171 
0.244 19.104 19.724 20.220 20.624 20.745 20.241 20.225 20.567 20.862 22.422 22.363 22.050 22.574 21.622 
0.259 19.288 19.528 19.842 20.054 20.998 20.050 19.757 20.614 20.436 21.288 21.559 21.298 23.298 21.011 
0.274 19.177 19.467 20.113 20.343 21.586 21.268 20.049 21.104 21.327 21.580 21.751 21.899 22.301 21.585 
0.290 19.268 19.742 20.083 20.456 20.988 20.585 20.103 20.818 21.043 21.275 21.769 22.588 22.481 21.614 
0.308 19.374 19.726 20.440 20.450 20.786 20.847 20.270 20.703 20.880 20.834 21.555 21.234 22.207 20.998 
0.326 19.239 19.517 19.952 20.497 20.539 20.486 19.932 20.520 20.764 21.352 21.799 22.866 23.705 21.333 
0.345 19.353 19.775 19.886 20.075 20.420 20.645 19.950 20.350 20.793 20.999 21.791 22.208 22.481 21.272 
0.366 19.370 19.694 20.041 20.476 20.595 20.710 20.092 20.551 20.753 20.906 21.375 22.237 22.214 21.117 
0.387 19.386 19.704 19.910 20.179 20.106 20.484 19.923 20.174 20.484 20.840 21.921 22.571 22.553 21.048 
0.410 19.451 19.770 20.251 20.394 20.373 20.272 20.187 20.354 20.687 20.757 20.876 21.590 22.080 20.934 
0.435 19.610 19.707 20.010 19.853 20.229 20.517 19.919 20.206 20.512 20.978 21.852 22.146 21.661 21.098 
0.461 19.588 19.727 20.063 20.166 20.517 20.415 20.008 20.442 20.579 20.697 20.951 21.670 22.158 20.841 
0.488 19.611 19.765 19.841 20.091 20.269 20.273 19.877 20.240 20.379 20.455 21.177 21.361 21.306 20.687 
0.517 19.594 19.695 19.729 19.967 20.152 20.180 19.769 20.113 20.243 20.306 20.762 20.874 21.850 20.507 
0.547 19.792 19.684 19.836 19.773 19.878 20.005 19.793 19.876 20.184 20.349 20.857 21.401 20.906 20.529 
0.580 19.874 19.699 19.718 19.676 19.877 19.885 19.690 19.865 19.883 20.205 20.512 20.947 21.003 20.268 
0.614 20.088 19.762 19.701 19.798 19.813 19.925 19.705 19.869 19.893 20.003 20.174 20.799 21.041 20.127 
0.651 20.251 19.811 19.685 19.756 19.844 19.777 19.690 19.844 19.840 19.917 20.428 20.634 20.912 20.126 
0.689 20.612 19.956 19.678 19.704 19.815 19.799 19.718 19.793 19.869 20.001 20.344 20.518 20.582 20.136 
0.730 20.888 20.075 19.827 19.714 19.740 19.766 19.828 19.723 19.758 19.945 20.193 20.539 20.776 20.048 
0.773 21.349 20.313 19.969 19.877 19.770 19.856 19.970 19.816 19.834 19.845 20.104 20.647 20.368 20.014 
0.819 21.654 20.521 20.099 19.816 19.903 19.973 20.056 19.894 19.997 19.881 20.169 20.574 20.598 20.108 
0.868 22.105 20.728 20.268 19.968 19.925 19.986 20.205 19.952 20.029 19.969 20.104 20.454 20.694 20.101 
0.919 22.486 21.000 20.537 20.192 20.012 20.147 20.483 20.078 20.128 20.037 20.195 20.479 20.560 20.171 
0.974 22.823 21.340 20.690 20.327 20.093 20.270 20.657 20.182 20.224 19.998 20.200 20.420 20.671 20.180 
1.032 23.029 21.618 20.921 20.528 20.305 20.428 20.896 20.352 20.385 20.087 20.183 20.469 20.743 20.272 
1.093 23.575 21.897 21.158 20.665 20.479 20.601 21.101 20.508 20.515 20.254 20.256 20.503 20.830 20.378 
1.158 23.622 22.198 21.419 20.837 20.705 20.804 21.341 20.717 20.746 20.385 20.287 20.471 20.722 20.472 
1.226 24.255 22.562 21.639 21.109 20.886 20.892 21.593 20.908 20.885 20.513 20.380 20.576 20.675 20.584 
1.299 24.636 22.908 21.878 21.306 20.944 21.030 21.839 21.008 21.047 20.579 20.425 20.640 20.746 20.663 
1.376 24.896 23.224 22.064 21.362 21.129 21.132 22.009 21.113 21.106 20.658 20.489 20.557 20.886 20.707 
1.458 25.180 23.489 22.304 21.567 21.279 21.403 22.255 21.321 21.258 20.719 20.643 20.798 20.951 20.848 
1.544 25.842 23.695 22.561 21.820 21.499 21.479 22.462 21.542 21.370 20.793 20.646 20.707 20.975 20.870 
1.636 26.303 24.006 22.774 21.937 21.682 21.571 22.698 21.652 21.409 20.846 20.674 20.745 21.006 20.912 
1.733 26.702 24.382 23.028 22.223 21.762 21.781 22.947 21.839 21.532 20.931 20.807 20.929 21.099 21.038 
1.836 27.036 24.784 23.217 22.523 22.066 22.014 23.222 22.111 21.672 21.015 20.890 21.033 21.071 21.138 
1.944 27.143 25.160 23.537 22.676 22.292 22.243 23.459 22.331 21.878 21.141 20.953 20.975 21.206 21.230 
2.060 27.724 25.241 23.710 22.884 22.541 22.426 23.703 22.522 22.022 21.254 21.075 21.174 21.253 21.351 
2.182 27.481 25.761 24.103 23.194 22.693 22.469 24.013 22.677 22.111 21.294 21.139 21.264 21.321 21.425 
2.311 28.208 26.026 24.423 23.453 22.838 22.539 24.335 22.848 22.164 21.385 21.229 21.340 21.408 21.498 
2.448 28.891 26.478 24.713 23.749 23.112 22.800 24.597 23.138 22.308 21.499 21.320 21.407 21.451 21.601 
2.594 29.812 26.864 24.916 24.050 23.349 22.885 24.878 23.350 22.436 21.566 21.294 21.443 21.490 21.635 
2.747 30.053 27.210 25.401 24.150 23.586 23.022 25.131 23.546 22.491 21.606 21.352 21.455 21.485 21.688 
2.910 31.095 27.953 25.717 24.461 23.940 23.299 25.499 23.864 22.681 21.725 21.416 21.496 21.517 21.776 
3.083 34.386 28.073 26.279 24.866 24.118 23.382 26.018 24.023 22.819 21.794 21.415 21.514 21.537 21.816 
3.266 31.813 28.050 26.303 25.066 24.319 23.504 26.094 24.236 22.872 21.852 21.485 21.551 21.551 21.866 
3.459 36.056 29.277 26.885 25.382 24.580 23.679 26.631 24.438 23.001 21.900 21.475 21.520 21.597 21.883 
3.665 40.263 29.241 27.037 25.479 24.671 23.695 26.745 24.530 23.017 21.879 21.416 21.481 21.475 21.846 
3.882 37.425 29.623 27.060 25.629 24.789 23.894 26.730 24.720 23.140 21.912 21.409 21.418 21.470 21.846 
4.112 38.641 29.675 27.543 25.776 25.121 23.912 27.129 24.879 23.128 21.920 21.387 21.390 21.455 21.828 
4.356 40.917 30.293 27.760 26.048 25.048 23.952 27.305 24.871 23.164 21.923 21.331 21.340 21.400 21.799 
4.614 37.814 30.395 27.886 26.062 25.241 23.995 27.399 24.976 23.175 21.933 21.332 21.316 21.392 21.792 
4.888 33.038 30.763 28.126 26.279 25.374 24.206 27.506 25.236 23.208 21.916 21.305 21.287 21.369 21.774 
5.178 40.403 30.688 28.026 26.315 25.394 24.117 27.616 25.160 23.271 21.934 21.298 21.283 21.383 21.776 
5.485 nan 31.277 28.791 26.541 25.467 24.299 27.912 25.339 23.327 21.990 21.331 21.299 21.409 21.811 
5.810 52.996 31.708 28.714 26.598 25.576 24.380 27.968 25.410 23.355 22.006 21.335 21.333 21.416 21.830 
6.155 49.339 32.260 29.041 26.802 26.019 24.524 28.149 25.638 23.516 22.118 21.398 21.396 21.485 21.910 
6.520 68.628 32.794 29.546 26.997 26.036 24.727 28.520 25.818 23.655 22.252 21.460 21.414 21.542 21.980 
6.906 66.376 35.608 29.852 27.611 26.294 24.919 29.174 26.042 23.847 22.387 21.558 21.486 21.645 22.082 
7.316 66.496 35.539 30.968 27.944 26.636 25.119 29.634 26.330 24.027 22.520 21.652 21.566 21.692 22.183 
7.750 nan 38.298 31.930 28.622 26.861 25.485 30.555 26.672 24.210 22.694 21.726 21.612 21.801 22.273 
8.210 84.689 38.582 32.659 29.065 27.336 25.754 31.039 26.981 24.502 22.853 21.815 21.670 21.920 22.378 
8.696 84.635 45.002 31.497 29.592 28.066 26.037 31.130 27.492 24.744 22.998 21.922 21.718 22.010 22.475 
9.212 86.301 35.460 33.395 29.832 28.081 26.407 31.497 27.743 24.922 23.140 22.005 21.785 22.122 22.568 
9.759 87.499 59.586 33.314 30.326 28.286 26.557 31.545 27.993 25.072 23.274 22.142 21.883 22.268 22.684 
10.337 88.155 44.865 32.498 30.783 28.746 26.803 32.527 28.228 25.280 23.429 22.294 22.025 22.399 22.829 
10.950 82.830 57.947 35.657 31.069 28.997 27.217 32.631 28.829 25.408 23.615 22.449 22.196 22.523 22.996 
11.600 nan 54.839 36.454 31.374 29.296 27.688 33.305 29.227 25.566 23.760 22.617 22.357 22.641 23.152 
12.288 93.414 50.916 33.268 32.897 29.929 27.866 33.348 29.663 25.843 23.941 22.791 22.508 22.771 23.317 
13.016 96.709 48.641 34.639 31.721 30.762 28.332 34.167 30.203 26.015 24.146 22.997 22.672 22.928 23.500 
13.788 97.647 50.745 37.154 32.603 30.437 28.440 33.790 30.042 26.170 24.324 23.170 22.828 23.015 23.665 
14.606 76.662 44.879 36.378 32.711 29.788 28.558 34.578 30.014 26.255 24.455 23.434 23.015 23.139 23.868 
15.472 97.499 41.280 34.637 31.725 29.287 28.166 33.687 29.472 26.152 24.438 23.605 23.218 23.195 24.011 
16.390 nan 42.781 35.077 30.942 28.575 27.591 34.038 28.618 26.114 24.499 23.729 23.463 23.295 24.168 
17.362 101.679 44.455 33.210 30.385 28.440 27.627 32.760 28.519 26.118 24.583 23.885 23.600 23.358 24.290 
18.392 86.724 44.448 33.726 30.741 28.831 27.814 33.369 28.821 26.273 24.744 24.075 23.779 23.461 24.464 
19.482 nan 46.266 35.466 30.861 29.137 28.024 33.904 29.085 26.451 24.841 24.170 23.906 23.583 24.585 
20.638 nan 51.600 36.552 31.482 29.683 28.494 34.187 29.614 26.783 24.953 24.310 24.066 23.638 24.739 
21.862 nan 65.557 38.061 31.913 30.110 28.898 34.417 30.025 26.969 25.152 24.434 24.211 23.753 24.885 
23.158 nan nan 40.411 32.324 30.788 29.385 34.879 30.600 27.307 25.342 24.563 24.324 23.881 25.021 
24.532 109.870 89.171 44.524 33.287 30.841 29.795 36.622 30.840 27.768 25.651 24.761 24.522 24.028 25.244 
25.987 110.593 68.240 38.952 34.311 31.594 30.389 38.266 31.655 28.080 25.877 24.951 24.694 24.181 25.450 
27.528 112.134 91.511 nan 34.644 32.321 30.756 35.795 32.513 28.543 26.148 25.222 25.007 24.428 25.730 
29.160 112.084 nan nan 38.820 32.990 30.778 44.653 32.486 28.893 26.405 25.564 25.360 24.804 26.068 
30.890 inf inf inf inf inf inf inf inf inf inf inf inf inf inf 
