# t[days] lsstu lsstg lsstr lssti lsstz lssty f062 f087 f106 f129 f158 f184 f213 f146 
0.103 24.306 23.862 22.741 26.715 29.996 26.414 23.319 27.468 27.027 29.058 29.101 38.323 33.023 28.056 
0.109 21.307 22.301 22.115 24.725 21.147 26.404 22.268 21.958 23.432 21.725 27.261 28.446 28.051 22.940 
0.116 20.084 21.344 20.952 23.141 23.084 23.220 21.315 23.527 23.743 25.930 25.264 27.640 39.234 24.713 
0.122 20.673 20.655 21.163 22.985 22.199 26.265 21.204 22.689 26.368 24.112 27.401 28.649 32.261 25.170 
0.130 20.005 20.706 22.051 21.174 22.842 20.702 21.278 22.140 21.073 24.777 25.020 29.224 30.617 22.286 
0.137 19.859 19.952 21.303 20.696 22.340 23.496 20.629 22.226 23.494 24.238 21.945 23.213 24.898 22.804 
0.145 19.414 20.529 20.626 20.531 21.524 21.429 20.525 21.449 21.920 25.307 21.712 21.296 27.714 22.245 
0.154 19.633 19.978 20.502 21.350 20.907 22.452 20.484 21.451 21.701 23.376 24.239 22.822 24.668 22.548 
0.163 19.628 20.070 20.952 20.979 21.525 21.774 20.612 21.827 21.773 21.368 24.641 26.423 25.505 22.116 
0.173 19.433 19.824 20.385 20.917 21.392 20.386 20.452 20.892 20.748 21.677 21.892 22.875 26.580 21.496 
0.183 19.515 20.055 20.363 20.561 21.214 22.279 20.427 21.130 22.559 22.921 23.685 25.276 23.302 23.213 
0.194 19.803 19.951 20.821 21.306 22.340 21.047 20.741 21.724 21.379 23.077 21.608 22.003 23.634 21.675 
0.206 19.667 20.173 21.055 21.358 20.044 21.329 20.897 20.506 21.524 21.714 21.931 23.935 23.671 21.859 
0.218 19.552 20.036 20.866 20.419 21.180 20.874 20.504 20.975 21.289 21.968 22.249 24.210 24.154 21.882 
0.231 19.774 20.170 20.621 20.492 21.927 21.874 20.650 21.052 22.079 22.176 22.348 22.298 23.065 22.221 
0.244 19.840 20.334 20.770 21.339 21.606 21.196 20.760 21.436 21.594 21.935 23.143 22.799 23.367 22.098 
0.259 19.927 20.246 20.764 20.757 22.078 20.842 20.607 21.408 21.296 22.206 22.837 22.195 24.613 21.903 
0.274 20.025 20.267 20.901 21.333 21.937 21.767 20.917 21.524 21.858 22.154 22.473 23.342 23.238 22.310 
0.290 20.075 20.511 20.879 21.050 21.915 21.481 20.845 21.583 21.718 21.786 22.497 22.678 22.518 22.144 
0.308 20.138 20.502 21.192 21.439 21.231 21.392 21.067 21.314 21.636 21.913 22.385 22.121 22.756 21.890 
0.326 20.014 20.363 20.716 21.269 21.462 21.834 20.727 21.587 21.819 21.964 22.597 23.187 23.478 22.206 
0.345 20.081 20.566 20.753 20.988 21.180 21.454 20.831 21.161 21.604 21.910 22.756 23.109 23.241 22.078 
0.366 20.089 20.521 20.954 21.182 21.512 21.426 20.930 21.457 21.475 21.836 22.195 23.033 23.081 21.936 
0.387 20.217 20.579 20.754 21.025 20.941 21.411 20.849 20.989 21.462 21.590 22.572 23.340 23.594 21.890 
0.410 20.305 20.486 21.021 21.022 21.095 21.035 20.904 21.080 21.331 21.756 21.853 22.192 22.797 21.718 
0.435 20.326 20.519 20.784 20.849 21.159 21.320 20.769 21.117 21.346 21.748 22.360 22.559 23.050 21.836 
0.461 20.421 20.489 20.904 20.939 21.226 21.041 20.804 21.170 21.187 21.498 21.557 22.248 22.529 21.533 
0.488 20.415 20.603 20.748 20.988 21.230 21.105 20.772 21.126 21.261 21.238 21.749 22.095 22.057 21.475 
0.517 20.421 20.520 20.498 20.742 20.790 20.937 20.540 20.852 21.034 21.059 21.558 21.758 22.191 21.260 
0.547 20.601 20.514 20.621 20.682 20.773 20.940 20.624 20.769 21.031 21.249 21.700 22.248 22.101 21.406 
0.580 20.702 20.520 20.493 20.528 20.689 20.727 20.490 20.671 20.754 20.983 21.332 21.922 21.787 21.100 
0.614 20.915 20.601 20.569 20.598 20.516 20.807 20.543 20.632 20.735 20.850 20.971 21.449 21.813 20.942 
0.651 21.113 20.628 20.511 20.600 20.763 20.520 20.519 20.689 20.625 20.786 21.162 21.460 21.723 20.925 
0.689 21.435 20.789 20.535 20.568 20.565 20.767 20.553 20.625 20.726 20.767 21.180 21.394 21.619 20.955 
0.730 21.746 20.943 20.670 20.519 20.580 20.608 20.673 20.531 20.562 20.807 21.028 21.277 21.531 20.870 
0.773 22.184 21.156 20.812 20.668 20.568 20.667 20.814 20.609 20.655 20.658 20.852 21.429 21.323 20.817 
0.819 22.412 21.348 20.887 20.734 20.687 20.786 20.896 20.717 20.797 20.701 20.934 21.372 21.438 20.898 
0.868 22.840 21.585 21.136 20.770 20.740 20.753 21.042 20.762 20.825 20.816 20.953 21.220 21.485 20.916 
0.919 23.217 21.850 21.357 20.978 20.864 20.890 21.288 20.876 20.930 20.868 20.998 21.304 21.368 20.982 
0.974 23.651 22.179 21.543 21.165 20.942 21.008 21.493 20.998 21.017 20.857 20.980 21.239 21.458 21.000 
1.032 23.839 22.397 21.771 21.323 21.126 21.191 21.726 21.142 21.178 20.906 20.955 21.245 21.517 21.058 
1.093 24.150 22.717 21.959 21.453 21.340 21.296 21.903 21.311 21.305 21.088 21.058 21.290 21.555 21.175 
1.158 24.600 23.023 22.186 21.689 21.539 21.588 22.149 21.523 21.540 21.223 21.117 21.289 21.482 21.298 
1.226 24.985 23.354 22.435 21.903 21.700 21.622 22.394 21.684 21.678 21.366 21.169 21.402 21.603 21.401 
1.299 25.455 23.594 22.678 22.046 21.741 21.772 22.595 21.789 21.796 21.418 21.255 21.416 21.503 21.473 
1.376 25.999 23.957 22.854 22.143 21.974 21.902 22.787 21.919 21.910 21.478 21.308 21.384 21.640 21.525 
1.458 26.033 24.149 23.051 22.366 22.031 22.099 22.997 22.086 22.029 21.573 21.440 21.605 21.724 21.656 
1.544 26.637 24.379 23.271 22.611 22.303 22.151 23.216 22.297 22.104 21.615 21.487 21.551 21.748 21.681 
1.636 27.047 24.681 23.416 22.675 22.416 22.300 23.363 22.384 22.190 21.684 21.496 21.563 21.764 21.728 
1.733 27.337 25.028 23.728 22.931 22.567 22.485 23.646 22.571 22.301 21.769 21.565 21.724 21.833 21.830 
1.836 27.994 25.344 23.871 23.204 22.744 22.699 23.857 22.792 22.472 21.854 21.661 21.797 21.838 21.938 
1.944 27.882 25.791 24.198 23.338 23.024 22.933 24.118 23.016 22.638 21.956 21.761 21.833 21.969 22.043 
2.060 28.591 25.982 24.407 23.623 23.140 23.077 24.382 23.159 22.810 22.065 21.894 21.960 21.976 22.159 
2.182 27.882 26.305 24.747 23.889 23.335 23.130 24.670 23.352 22.870 22.136 21.920 22.059 22.099 22.222 
2.311 29.613 26.816 25.088 24.107 23.523 23.317 24.985 23.561 23.008 22.234 22.023 22.164 22.151 22.322 
2.448 30.107 27.227 25.327 24.372 23.711 23.511 25.240 23.747 23.083 22.321 22.093 22.221 22.209 22.401 
2.594 30.424 27.433 25.607 24.660 23.953 23.634 25.511 23.999 23.277 22.420 22.131 22.242 22.286 22.466 
2.747 31.249 28.070 26.003 24.757 24.164 23.759 25.786 24.162 23.299 22.450 22.157 22.268 22.293 22.504 
2.910 32.117 28.694 26.418 25.125 24.468 23.963 26.136 24.466 23.464 22.599 22.224 22.324 22.279 22.597 
3.083 35.885 28.885 26.920 25.431 24.731 24.084 26.617 24.661 23.625 22.685 22.242 22.305 22.346 22.640 
3.266 32.493 28.946 27.030 25.691 24.899 24.222 26.728 24.870 23.676 22.722 22.302 22.387 22.352 22.702 
3.459 36.170 29.860 27.558 25.910 25.115 24.444 27.177 25.069 23.829 22.804 22.301 22.314 22.389 22.714 
3.665 37.694 30.003 27.509 26.021 25.193 24.477 27.228 25.144 23.887 22.800 22.237 22.293 22.278 22.689 
3.882 40.119 30.172 27.847 26.099 25.354 24.593 27.371 25.301 23.931 22.829 22.245 22.217 22.261 22.687 
4.112 39.815 30.255 28.356 26.290 25.566 24.641 27.731 25.430 23.951 22.839 22.202 22.199 22.258 22.665 
4.356 nan 30.511 28.228 26.473 25.593 24.716 27.769 25.498 23.986 22.860 22.177 22.141 22.220 22.646 
4.614 38.675 31.257 28.424 26.635 25.787 24.740 27.935 25.619 23.991 22.862 22.181 22.102 22.207 22.635 
4.888 34.814 31.202 28.792 26.624 25.834 24.933 27.947 25.759 24.052 22.867 22.163 22.092 22.191 22.631 
5.178 40.043 30.947 28.816 26.831 25.963 24.916 28.143 25.829 24.119 22.894 22.144 22.071 22.197 22.628 
5.485 51.347 32.173 29.246 27.021 26.075 25.077 28.415 26.008 24.153 22.925 22.188 22.105 22.244 22.663 
5.810 46.195 31.846 29.422 27.094 26.226 25.122 28.504 26.029 24.243 22.993 22.198 22.130 22.259 22.696 
6.155 58.616 32.373 29.825 27.492 26.623 25.357 28.952 26.407 24.397 23.076 22.261 22.180 22.315 22.767 
6.520 nan 33.598 30.268 27.686 26.831 25.515 29.223 26.574 24.546 23.229 22.343 22.202 22.398 22.844 
6.906 60.557 34.628 31.034 28.386 27.120 25.791 30.063 26.881 24.767 23.377 22.436 22.290 22.498 22.957 
7.316 54.411 35.947 31.517 28.703 27.367 26.029 30.409 27.178 24.969 23.525 22.533 22.357 22.549 23.059 
7.750 82.803 37.854 32.660 29.593 27.737 26.403 31.383 27.602 25.162 23.705 22.618 22.406 22.675 23.153 
8.210 85.801 39.923 34.068 29.975 28.148 26.782 31.843 27.973 25.507 23.882 22.732 22.467 22.792 23.266 
8.696 86.560 42.211 33.168 30.310 28.917 27.111 31.991 28.540 25.748 24.027 22.833 22.506 22.865 23.353 
9.212 77.552 38.458 34.016 30.746 29.099 27.315 32.239 28.609 25.952 24.197 22.937 22.579 22.997 23.455 
9.759 nan 57.927 34.468 31.567 29.240 27.698 32.889 29.106 26.130 24.307 23.068 22.678 23.141 23.565 
10.337 90.610 44.569 33.499 31.485 30.127 27.978 33.695 29.537 26.375 24.485 23.219 22.819 23.249 23.714 
10.950 92.860 57.874 38.379 31.771 30.120 28.470 34.016 29.941 26.507 24.653 23.375 23.001 23.385 23.882 
11.600 94.070 59.307 34.453 33.135 30.596 28.925 33.928 30.363 26.714 24.797 23.549 23.165 23.485 24.044 
12.288 nan 55.428 38.038 35.238 30.643 29.299 37.631 30.827 26.994 24.977 23.712 23.327 23.599 24.206 
13.016 98.294 54.238 35.878 33.747 31.435 29.936 35.636 31.611 27.203 25.165 23.942 23.512 23.746 24.405 
13.788 98.219 54.702 38.613 33.575 31.839 29.753 35.687 31.215 27.377 25.333 24.116 23.670 23.831 24.569 
14.606 100.643 50.135 39.009 34.079 31.022 29.785 36.339 30.952 27.432 25.451 24.355 23.887 23.933 24.775 
15.472 100.678 43.932 36.163 32.753 30.188 29.318 34.505 30.283 27.272 25.416 24.521 24.110 23.999 24.917 
16.390 102.175 46.142 35.607 32.289 29.670 28.750 34.904 29.666 27.229 25.475 24.642 24.408 24.109 25.086 
17.362 102.999 44.172 33.679 31.769 29.402 28.735 33.243 29.572 27.191 25.535 24.788 24.577 24.157 25.213 
18.392 nan 46.199 34.898 32.090 29.849 28.954 34.625 29.873 27.376 25.693 24.977 24.787 24.269 25.390 
19.482 nan 48.000 36.979 32.444 30.041 29.176 35.033 30.139 27.581 25.790 25.083 24.915 24.404 25.513 
20.638 108.958 49.623 38.183 32.941 30.588 29.675 35.744 30.663 27.901 25.916 25.228 25.115 24.457 25.672 
21.862 109.781 71.997 39.140 33.830 30.954 30.116 35.618 31.044 28.059 26.127 25.344 25.290 24.583 25.819 
23.158 nan nan 41.552 33.595 31.922 30.453 37.060 31.655 28.420 26.319 25.469 25.412 24.706 25.960 
24.532 109.977 92.441 43.545 34.690 31.957 30.850 40.535 31.806 28.858 26.664 25.680 25.604 24.859 26.187 
25.987 111.248 74.905 39.705 37.019 32.521 31.721 40.296 32.865 29.212 26.902 25.885 25.784 25.028 26.398 
27.528 112.902 nan 48.112 35.518 33.593 32.197 36.696 33.564 29.684 27.182 26.144 26.113 25.244 26.681 
29.160 114.399 nan nan 40.168 34.371 31.979 44.544 33.620 29.965 27.437 26.481 26.486 25.637 27.024 
30.890 inf inf inf inf inf inf inf inf inf inf inf inf inf inf 
