# t[days] lsstu lsstg lsstr lssti lsstz lssty f062 f087 f106 f129 f158 f184 f213 f146 
0.103 26.053 25.796 27.001 28.537 28.882 26.785 26.836 27.783 27.581 29.298 28.707 28.818 37.508 28.423 
0.109 22.062 22.617 22.903 23.948 26.472 24.807 22.981 24.531 25.520 26.726 30.631 29.063 27.921 26.573 
0.116 22.092 22.434 23.725 23.612 24.202 24.567 23.328 24.186 23.243 23.287 24.777 27.955 26.252 24.014 
0.122 21.803 22.289 23.035 22.549 24.379 24.328 22.682 23.796 23.136 24.022 24.553 25.892 25.525 23.862 
0.130 21.830 22.119 22.118 23.237 22.878 22.191 22.400 22.513 22.720 23.374 24.725 26.008 30.868 23.474 
0.137 21.688 21.942 22.118 23.038 23.034 22.688 22.243 22.881 22.875 23.778 24.094 23.369 23.749 23.506 
0.145 21.672 21.835 22.213 22.653 22.891 22.388 22.203 22.564 23.100 23.673 23.707 23.509 23.435 23.385 
0.154 21.501 21.781 22.113 22.651 24.001 22.648 22.104 23.443 23.051 23.872 24.060 25.941 25.017 23.683 
0.163 21.730 22.122 22.200 22.266 23.036 22.822 22.170 22.790 22.994 23.642 23.307 25.615 25.733 23.417 
0.173 21.798 22.051 22.176 22.196 22.670 23.718 22.116 22.729 23.133 23.152 23.651 23.072 22.676 23.218 
0.183 21.909 22.083 22.546 22.539 23.076 22.774 22.385 23.022 22.960 23.807 24.860 24.077 23.700 23.625 
0.194 21.971 22.034 22.270 22.524 22.774 23.531 22.216 22.898 22.998 23.094 23.112 23.392 25.217 23.231 
0.206 21.922 22.127 22.230 22.476 23.328 24.128 22.298 23.074 23.497 23.537 23.668 23.926 23.161 23.605 
0.218 21.985 22.239 22.492 22.637 22.885 22.737 22.489 22.774 23.034 22.947 24.019 24.266 24.939 23.357 
0.231 22.296 22.263 22.552 22.763 23.287 23.088 22.537 23.060 23.016 23.578 23.930 23.936 24.351 23.575 
0.244 22.012 22.302 22.442 22.878 23.033 23.025 22.490 23.018 22.995 23.497 23.735 23.959 24.625 23.446 
0.259 22.432 22.515 22.769 22.711 22.968 23.258 22.695 23.029 23.204 23.095 23.653 24.043 24.189 23.436 
0.274 22.530 22.642 22.635 22.782 22.745 23.280 22.685 22.827 23.079 23.340 23.616 23.971 24.319 23.421 
0.290 22.382 22.526 22.680 22.875 22.560 23.016 22.715 22.696 22.964 22.839 23.343 24.125 24.289 23.187 
0.308 22.507 22.573 22.591 22.712 22.620 22.954 22.583 22.800 22.885 22.984 23.350 23.516 23.537 23.151 
0.326 22.580 22.552 22.585 22.590 22.830 22.848 22.582 22.733 22.962 23.076 23.139 23.188 23.456 23.080 
0.345 22.685 22.494 22.454 22.574 22.543 22.648 22.470 22.602 22.675 22.712 22.984 23.697 23.933 22.905 
0.366 22.950 22.723 22.481 22.618 22.534 22.708 22.561 22.584 22.730 22.897 23.044 23.534 23.618 22.954 
0.387 23.112 22.745 22.454 22.582 22.450 22.803 22.532 22.533 22.626 22.586 23.127 23.396 23.531 22.887 
0.410 23.190 22.887 22.677 22.538 22.600 22.492 22.686 22.547 22.518 22.695 22.906 22.832 23.265 22.699 
0.435 23.535 23.008 22.688 22.646 22.580 22.691 22.717 22.595 22.641 22.652 22.841 22.876 23.163 22.744 
0.461 23.684 23.171 22.824 22.668 22.698 22.579 22.814 22.639 22.669 22.748 22.675 22.677 22.906 22.696 
0.488 23.908 23.271 22.975 22.767 22.750 22.700 22.935 22.751 22.719 22.797 22.810 23.060 22.952 22.817 
0.517 24.239 23.650 23.163 22.851 23.038 22.749 23.127 22.949 22.766 22.912 22.843 22.862 23.161 22.856 
0.547 24.294 23.659 23.330 23.040 23.044 22.865 23.268 23.014 22.924 22.831 22.824 22.739 22.956 22.838 
0.580 24.732 23.978 23.431 23.283 23.105 22.976 23.481 23.064 23.004 22.835 22.952 22.882 22.974 22.929 
0.614 24.941 24.018 23.533 23.274 23.260 23.117 23.544 23.199 23.141 22.998 22.945 22.872 22.937 22.997 
0.651 25.353 24.187 23.713 23.336 23.187 23.112 23.638 23.215 23.170 23.111 23.059 23.043 23.163 23.086 
0.689 25.592 24.421 23.813 23.493 23.308 23.241 23.775 23.323 23.244 23.137 23.139 23.103 23.214 23.153 
0.730 26.001 24.715 23.955 23.596 23.429 23.225 23.940 23.368 23.251 23.151 23.099 23.111 23.277 23.166 
0.773 26.527 24.935 24.190 23.743 23.503 23.439 24.133 23.532 23.411 23.196 23.048 23.045 23.209 23.189 
0.819 26.651 25.081 24.268 23.834 23.681 23.351 24.250 23.577 23.442 23.262 23.077 23.159 23.301 23.233 
0.868 26.849 25.181 24.433 23.917 23.767 23.658 24.349 23.775 23.610 23.328 23.141 23.249 23.265 23.322 
0.919 27.373 25.427 24.490 23.948 23.810 23.592 24.432 23.764 23.577 23.364 23.171 23.139 23.282 23.323 
0.974 27.712 25.616 24.727 24.067 23.816 23.742 24.655 23.813 23.662 23.414 23.224 23.198 23.317 23.382 
1.032 28.074 25.757 24.688 24.220 23.995 23.729 24.667 23.967 23.772 23.450 23.263 23.350 23.233 23.464 
1.093 28.768 26.106 24.842 24.397 24.145 23.876 24.858 24.091 23.883 23.497 23.379 23.422 23.412 23.552 
1.158 29.096 26.269 25.084 24.471 24.155 24.029 25.030 24.165 24.004 23.573 23.410 23.465 23.479 23.612 
1.226 29.392 26.494 25.170 24.568 24.169 24.048 25.137 24.190 24.085 23.606 23.357 23.469 23.495 23.623 
1.299 29.838 26.829 25.304 24.552 24.286 24.148 25.223 24.282 24.122 23.685 23.523 23.616 23.581 23.730 
1.376 30.384 27.133 25.484 24.765 24.390 24.239 25.442 24.390 24.218 23.708 23.535 23.660 23.680 23.772 
1.458 30.798 27.310 25.673 24.874 24.435 24.219 25.598 24.437 24.216 23.718 23.593 23.691 23.691 23.795 
1.544 31.094 27.616 25.809 24.991 24.478 24.378 25.728 24.537 24.295 23.841 23.706 23.748 23.702 23.890 
1.636 31.233 27.969 26.000 25.099 24.630 24.451 25.910 24.653 24.331 23.881 23.733 23.775 23.773 23.925 
1.733 31.432 28.227 26.180 25.209 24.717 24.591 26.070 24.771 24.444 23.927 23.735 23.857 23.804 23.983 
1.836 31.947 28.481 26.455 25.349 24.862 24.689 26.302 24.899 24.518 24.042 23.798 23.886 23.851 24.048 
1.944 32.316 28.933 26.631 25.542 25.031 24.799 26.478 25.059 24.609 24.107 23.791 23.848 23.850 24.072 
2.060 33.735 29.271 26.993 25.685 25.094 24.810 26.720 25.122 24.633 24.159 23.823 23.895 23.891 24.110 
2.182 36.064 29.645 27.194 25.826 25.192 24.940 26.899 25.247 24.718 24.211 23.833 23.903 23.887 24.147 
2.311 34.473 29.890 27.502 25.939 25.303 24.974 27.083 25.334 24.797 24.275 23.883 23.901 23.923 24.192 
2.448 37.981 29.855 27.770 26.101 25.380 25.103 27.293 25.438 24.877 24.352 23.857 23.871 23.902 24.202 
2.594 37.257 30.702 28.145 26.310 25.606 25.189 27.576 25.612 24.964 24.413 23.890 23.844 23.881 24.230 
2.747 34.449 30.848 28.551 26.506 25.778 25.326 27.852 25.792 25.039 24.498 23.928 23.853 23.901 24.278 
2.910 40.194 31.297 28.780 26.708 25.928 25.414 28.029 25.930 25.146 24.579 23.965 23.900 23.932 24.333 
3.083 42.932 31.510 29.284 26.993 26.123 25.615 28.401 26.137 25.279 24.668 24.004 23.876 23.942 24.376 
3.266 41.382 31.863 29.472 27.280 26.282 25.804 28.698 26.346 25.409 24.785 24.050 23.906 23.995 24.445 
3.459 47.662 32.360 29.962 27.520 26.668 25.970 29.034 26.618 25.542 24.880 24.121 23.927 24.011 24.512 
3.665 48.097 33.213 30.594 27.907 26.962 26.256 29.452 26.914 25.733 25.016 24.168 23.929 24.034 24.572 
3.882 49.995 33.138 31.027 28.325 27.253 26.388 29.960 27.161 25.887 25.155 24.257 23.942 24.066 24.648 
4.112 57.424 33.739 31.279 28.743 27.588 26.723 30.414 27.514 26.074 25.276 24.330 24.000 24.117 24.728 
4.356 62.544 35.717 31.954 29.159 27.975 26.966 30.926 27.842 26.305 25.464 24.411 24.043 24.178 24.820 
4.614 55.268 35.226 33.066 29.722 28.407 27.396 31.671 28.295 26.564 25.624 24.509 24.106 24.252 24.925 
4.888 63.171 36.258 33.919 30.409 29.013 27.823 32.526 28.844 26.865 25.813 24.609 24.163 24.318 25.030 
5.178 71.481 39.834 34.839 31.301 29.605 28.375 33.380 29.427 27.188 26.026 24.740 24.241 24.420 25.158 
5.485 80.396 39.659 35.237 31.541 30.105 28.861 33.708 29.967 27.523 26.253 24.889 24.346 24.546 25.296 
5.810 nan 41.590 35.635 32.285 30.704 29.361 34.511 30.509 27.881 26.453 25.049 24.483 24.671 25.452 
6.155 nan 43.344 35.562 33.219 31.482 29.871 35.304 31.203 28.226 26.705 25.214 24.607 24.843 25.611 
6.520 nan 50.476 37.212 33.825 32.026 30.313 36.058 31.766 28.572 26.948 25.420 24.777 25.006 25.800 
6.906 nan 51.195 38.045 33.853 32.179 30.729 36.195 31.922 28.948 27.187 25.625 24.929 25.186 25.984 
7.316 96.887 44.687 38.226 34.690 32.739 31.306 36.524 32.595 29.375 27.437 25.846 25.159 25.339 26.211 
7.750 96.717 56.157 44.838 36.769 32.963 31.838 39.223 33.079 29.677 27.598 26.023 25.376 25.528 26.404 
8.210 99.475 52.651 43.495 37.509 35.459 32.329 39.104 33.983 30.065 27.825 26.280 25.636 25.765 26.665 
8.696 100.284 48.874 46.008 35.995 35.446 32.321 39.522 33.820 30.296 27.919 26.491 25.930 25.917 26.901 
9.212 101.567 41.971 40.632 36.403 34.267 32.218 38.163 33.633 30.194 27.880 26.678 26.240 26.090 27.113 
9.759 nan 52.095 41.667 35.228 33.227 31.811 36.949 32.800 30.118 27.909 26.848 26.563 26.263 27.310 
10.337 104.081 40.535 40.027 35.172 32.135 31.158 37.356 32.064 29.872 27.863 26.935 26.878 26.404 27.447 
10.950 104.470 43.233 38.361 35.034 32.157 31.326 37.065 32.254 30.015 27.944 27.013 27.068 26.544 27.562 
11.600 105.968 nan 37.653 35.495 32.473 31.641 36.772 32.482 30.188 28.093 27.195 27.286 26.718 27.742 
12.288 nan nan 39.933 36.269 32.861 31.796 39.342 32.806 30.382 28.244 27.291 27.444 26.805 27.867 
13.016 109.914 56.480 39.941 37.945 33.364 32.261 39.852 33.399 30.623 28.425 27.388 27.588 26.971 27.993 
13.788 110.475 nan 49.269 39.549 33.654 32.513 43.535 33.736 30.940 28.626 27.505 27.688 27.040 28.122 
14.606 113.457 nan nan 37.331 34.715 33.208 39.756 34.470 31.403 28.915 27.649 27.875 27.222 28.304 
15.472 116.364 nan nan 38.501 35.374 33.672 42.266 35.036 31.659 29.157 27.789 28.019 27.355 28.466 
16.390 117.556 nan nan 41.734 34.929 33.814 46.321 34.994 32.037 29.416 28.000 28.259 27.560 28.695 
17.362 nan 91.394 nan 40.814 38.491 33.758 46.124 35.508 32.451 29.800 28.294 28.680 27.908 29.040 
18.392 nan 92.652 86.345 82.713 54.111 34.530 83.629 36.604 32.917 30.368 28.680 29.162 28.347 29.471 
19.482 nan 93.363 87.545 66.869 37.140 34.869 83.932 36.304 33.867 31.351 29.558 30.027 29.261 30.363 
20.638 nan 94.490 89.706 nan 65.902 37.906 nan 45.475 35.889 33.229 31.487 31.802 30.842 32.236 
21.862 120.954 nan nan 85.096 77.920 77.620 nan 77.851 nan 39.637 34.934 33.481 31.974 34.781 
23.158 nan nan nan nan 79.709 nan nan nan nan nan 36.041 34.713 32.408 35.915 
24.532 125.934 nan nan 87.637 80.512 80.415 nan 81.052 nan 64.076 36.859 36.338 33.242 37.239 
25.987 125.708 102.158 nan 87.706 81.927 80.437 nan 81.295 nan nan 36.875 34.892 33.256 36.441 
27.528 125.814 101.305 nan 90.114 83.726 81.563 nan 82.598 nan 80.796 39.335 35.235 33.626 36.811 
29.160 126.350 102.665 nan nan nan 82.064 96.641 83.876 82.963 80.164 72.269 38.007 34.814 39.583 
30.890 inf inf inf inf inf inf inf inf inf inf inf inf inf inf 
