# t[days] lsstu lsstg lsstr lssti lsstz lssty f062 f087 f106 f129 f158 f184 f213 f146 
0.103 25.378 25.743 27.689 27.041 28.491 28.563 26.645 29.029 28.368 28.225 27.831 28.598 33.672 28.426 
0.109 22.209 22.718 24.011 23.415 26.711 24.780 23.524 24.236 23.188 24.729 30.729 28.406 27.679 24.423 
0.116 21.848 22.376 23.186 24.060 25.448 22.088 23.188 23.471 22.962 26.771 26.808 28.722 26.569 24.152 
0.122 21.947 22.302 22.894 23.078 24.947 26.331 22.957 23.702 26.174 25.649 24.981 26.225 27.644 25.620 
0.130 21.757 22.025 22.484 22.541 22.902 22.086 22.387 22.361 22.576 23.564 23.732 24.130 26.125 23.342 
0.137 21.776 21.929 22.822 23.142 24.198 23.003 22.620 23.819 23.143 23.069 23.341 24.245 24.115 23.426 
0.145 21.848 21.894 22.168 23.256 22.883 24.478 22.187 23.413 23.734 24.241 25.787 26.899 24.329 24.442 
0.154 21.819 21.718 22.275 22.541 22.636 22.355 22.163 22.718 22.722 24.013 24.079 24.563 25.834 23.534 
0.163 21.594 21.775 22.474 22.716 23.490 24.111 22.311 23.421 23.167 23.089 23.586 27.376 23.543 23.681 
0.173 21.668 22.024 22.321 22.514 22.693 22.954 22.254 22.785 23.507 23.098 23.560 23.072 23.725 23.400 
0.183 21.902 22.077 22.331 22.475 23.367 22.662 22.253 22.901 22.750 22.970 23.336 24.282 22.882 23.085 
0.194 21.926 21.989 22.472 22.628 22.890 24.178 22.376 23.112 23.719 23.566 23.939 24.545 24.747 23.848 
0.206 21.831 22.044 22.476 22.868 22.945 22.958 22.406 23.060 23.284 23.952 24.011 23.427 24.303 23.579 
0.218 22.063 22.171 22.302 23.040 22.937 23.153 22.470 22.895 23.343 23.156 23.650 24.802 24.619 23.510 
0.231 22.160 22.182 22.738 23.013 22.673 23.510 22.671 23.003 23.509 23.583 24.138 24.330 23.585 23.766 
0.244 22.105 22.302 22.720 22.591 22.493 22.632 22.558 22.519 22.888 23.321 23.710 23.851 24.444 23.301 
0.259 22.399 22.591 22.522 22.717 22.889 23.404 22.527 23.060 23.150 22.966 23.470 24.351 24.044 23.356 
0.274 22.440 22.510 22.597 22.503 22.596 23.170 22.548 22.693 23.384 23.157 23.092 23.351 24.571 23.244 
0.290 22.537 22.455 22.548 22.713 22.807 23.071 22.521 22.878 22.996 23.151 23.570 24.246 24.000 23.341 
0.308 22.638 22.592 22.627 22.687 22.715 22.891 22.615 22.724 23.101 22.873 23.241 24.130 23.762 23.235 
0.326 22.871 22.660 22.631 22.680 22.787 22.636 22.621 22.760 22.705 22.895 23.141 23.584 23.806 23.014 
0.345 23.010 22.749 22.553 22.512 22.768 22.617 22.577 22.658 22.837 22.964 23.111 23.847 23.296 23.076 
0.366 23.299 22.790 22.609 22.480 22.530 22.803 22.610 22.562 22.760 22.791 23.135 23.220 23.937 22.943 
0.387 23.538 22.977 22.632 22.554 22.535 22.495 22.653 22.490 22.541 22.577 22.847 23.360 23.811 22.797 
0.410 23.955 23.280 22.756 22.631 22.632 22.610 22.779 22.619 22.642 22.761 22.754 22.747 23.339 22.744 
0.435 24.091 23.191 22.864 22.664 22.509 22.633 22.854 22.558 22.587 22.643 22.760 22.932 23.353 22.702 
0.461 24.339 23.440 23.102 22.798 22.798 22.603 23.058 22.702 22.681 22.654 22.726 23.019 23.261 22.751 
0.488 24.626 23.753 23.197 22.930 22.878 22.846 23.192 22.835 22.818 22.697 22.662 22.984 22.994 22.777 
0.517 24.860 24.135 23.366 23.120 22.959 22.864 23.372 22.999 22.854 22.868 22.889 23.000 23.236 22.883 
0.547 25.311 24.193 23.617 23.252 23.065 23.068 23.585 23.075 23.009 22.945 22.959 23.125 23.260 23.009 
0.580 25.299 24.442 23.648 23.398 23.257 23.067 23.713 23.172 23.142 22.965 22.921 22.956 23.123 23.018 
0.614 25.686 24.680 23.984 23.531 23.352 23.335 23.927 23.381 23.318 23.088 22.903 23.039 23.166 23.088 
0.651 25.863 24.784 24.165 23.601 23.402 23.340 24.061 23.404 23.386 23.201 23.098 23.104 23.129 23.186 
0.689 26.296 25.229 24.384 23.740 23.706 23.541 24.276 23.679 23.470 23.317 23.061 23.165 23.171 23.236 
0.730 26.759 25.485 24.572 24.020 23.645 23.489 24.531 23.668 23.555 23.368 23.145 23.142 23.219 23.309 
0.773 26.960 25.721 24.774 24.142 23.921 23.629 24.703 23.873 23.607 23.319 23.087 23.254 23.328 23.333 
0.819 27.734 26.052 25.001 24.328 23.984 23.765 24.925 23.996 23.694 23.440 23.226 23.353 23.452 23.436 
0.868 27.897 26.602 25.461 24.506 24.152 23.914 25.328 24.114 23.828 23.534 23.261 23.307 23.477 23.479 
0.919 28.205 26.908 25.643 24.747 24.374 23.998 25.497 24.288 23.985 23.650 23.264 23.303 23.369 23.531 
0.974 28.320 27.000 25.872 25.023 24.443 24.216 25.777 24.461 24.127 23.683 23.339 23.391 23.505 23.628 
1.032 28.372 27.132 26.030 25.131 24.558 24.387 25.915 24.596 24.234 23.741 23.379 23.433 23.485 23.671 
1.093 29.001 27.563 26.253 25.371 24.779 24.546 26.126 24.814 24.367 23.899 23.493 23.552 23.527 23.808 
1.158 29.950 28.170 26.444 25.559 25.016 24.715 26.296 25.039 24.546 23.930 23.518 23.601 23.624 23.864 
1.226 30.143 28.284 26.562 25.765 25.293 24.900 26.508 25.232 24.758 24.072 23.665 23.759 23.696 24.020 
1.299 30.900 28.407 26.836 25.937 25.353 25.051 26.752 25.352 24.864 24.183 23.702 23.789 23.831 24.078 
1.376 31.571 29.371 27.347 26.375 25.722 25.254 27.268 25.683 24.894 24.237 23.786 23.904 23.905 24.156 
1.458 31.975 29.256 27.507 26.571 25.715 25.382 27.417 25.758 25.111 24.340 23.829 24.036 23.942 24.259 
1.544 33.674 29.649 27.847 26.788 26.120 25.777 27.601 26.152 25.294 24.414 23.937 23.985 23.866 24.330 
1.636 32.372 30.463 28.207 27.147 26.226 25.989 28.015 26.364 25.503 24.514 23.986 24.071 23.979 24.415 
1.733 32.544 30.634 28.655 27.285 26.662 26.124 28.421 26.607 25.633 24.639 24.066 24.139 24.049 24.503 
1.836 34.170 30.745 28.929 27.590 26.967 26.281 28.634 26.890 25.649 24.633 24.095 24.131 24.071 24.529 
1.944 33.610 31.187 28.915 27.812 27.001 26.409 28.819 26.950 25.905 24.766 24.138 24.154 24.098 24.597 
2.060 32.629 31.781 29.405 28.073 27.192 26.684 29.132 27.204 26.005 24.827 24.171 24.124 24.103 24.635 
2.182 34.387 31.881 29.676 28.330 27.327 26.942 29.446 27.416 26.177 24.928 24.247 24.142 24.123 24.690 
2.311 38.059 32.370 30.091 28.597 27.525 27.044 29.800 27.579 26.254 24.992 24.224 24.106 24.159 24.683 
2.448 36.490 33.104 30.274 28.726 27.840 27.358 30.088 27.856 26.445 25.076 24.256 24.068 24.143 24.720 
2.594 nan 33.241 30.654 29.162 28.136 27.355 30.440 28.051 26.603 25.094 24.267 24.082 24.162 24.739 
2.747 44.443 32.998 31.215 29.290 28.269 27.728 30.641 28.287 26.794 25.246 24.307 24.047 24.162 24.778 
2.910 41.844 34.648 30.961 29.498 28.449 27.694 30.654 28.403 26.873 25.311 24.357 24.060 24.162 24.815 
3.083 37.695 34.058 31.874 29.982 28.825 27.956 31.515 28.764 27.000 25.402 24.394 24.073 24.206 24.858 
3.266 45.022 35.346 32.616 29.897 28.852 28.164 31.576 28.849 27.195 25.458 24.411 24.096 24.228 24.892 
3.459 79.675 38.503 32.532 30.577 29.310 28.351 32.132 29.167 27.308 25.528 24.476 24.092 24.256 24.934 
3.665 80.237 35.184 32.871 30.775 29.353 28.409 32.580 29.292 27.318 25.602 24.528 24.092 24.296 24.962 
3.882 nan 38.744 33.145 30.714 29.735 28.638 32.385 29.542 27.480 25.690 24.577 24.078 24.291 24.990 
4.112 82.545 39.793 34.307 31.474 30.231 28.747 33.220 29.932 27.658 25.775 24.648 24.143 24.350 25.057 
4.356 nan 37.190 33.269 31.808 30.259 28.890 33.062 30.045 27.802 25.877 24.733 24.170 24.406 25.120 
4.614 85.427 41.809 34.246 32.308 30.429 29.188 34.069 30.295 27.972 25.979 24.803 24.217 24.454 25.184 
4.888 86.375 43.042 34.987 32.602 30.822 29.421 34.544 30.633 28.196 26.144 24.913 24.278 24.523 25.274 
5.178 88.956 44.468 37.287 33.291 31.618 29.968 35.038 31.390 28.383 26.269 25.020 24.351 24.633 25.365 
5.485 89.365 43.075 37.980 34.165 31.773 29.898 36.716 31.310 28.587 26.424 25.159 24.446 24.725 25.483 
5.810 nan 59.358 39.181 35.004 32.039 30.245 36.484 31.520 28.830 26.657 25.316 24.609 24.911 25.649 
6.155 nan 62.739 42.220 34.509 32.155 30.398 36.765 31.680 29.104 26.859 25.500 24.753 25.032 25.813 
6.520 nan 79.044 43.523 35.025 32.592 30.911 37.401 32.046 29.382 27.064 25.661 24.865 25.169 25.948 
6.906 95.276 79.889 37.563 34.840 33.023 31.403 36.391 32.930 29.742 27.292 25.889 25.051 25.333 26.150 
7.316 95.055 73.621 53.413 38.859 33.901 31.729 41.485 33.286 29.982 27.473 26.085 25.275 25.461 26.351 
7.750 96.150 69.986 nan 38.176 32.774 32.681 40.548 33.353 30.313 27.568 26.228 25.479 25.637 26.532 
8.210 98.859 60.129 48.938 37.442 35.063 32.862 40.702 34.486 30.694 27.737 26.468 25.747 25.845 26.773 
8.696 100.777 61.520 48.481 40.373 36.773 32.374 43.477 34.339 30.753 27.875 26.630 26.018 25.993 26.985 
9.212 nan 56.215 41.778 36.474 35.126 33.145 38.451 34.744 30.714 27.904 26.783 26.301 26.116 27.179 
9.759 102.732 53.041 41.595 36.828 33.405 32.553 38.756 33.322 30.451 27.906 26.897 26.614 26.286 27.351 
10.337 103.540 46.410 40.115 35.648 32.316 31.366 37.334 32.242 30.046 27.880 26.969 26.923 26.397 27.479 
10.950 104.179 41.805 38.525 35.075 32.203 31.338 36.702 32.276 30.077 27.930 27.016 27.062 26.549 27.562 
11.600 nan 49.717 37.171 35.093 32.499 31.603 36.449 32.508 30.123 28.079 27.195 27.275 26.689 27.731 
12.288 nan nan 38.677 37.600 32.931 31.793 38.751 32.841 30.415 28.237 27.273 27.419 26.813 27.848 
13.016 110.607 70.058 43.356 38.152 33.261 32.263 41.078 33.271 30.612 28.418 27.391 27.572 26.965 27.988 
13.788 110.537 79.209 47.404 37.284 33.552 32.645 42.151 33.665 30.908 28.605 27.481 27.667 27.053 28.100 
14.606 114.066 88.438 56.944 39.686 34.840 33.341 41.455 34.685 31.417 28.879 27.613 27.879 27.188 28.283 
15.472 nan 87.641 61.884 40.837 35.064 33.590 46.763 35.089 31.580 29.108 27.769 27.997 27.326 28.442 
16.390 118.044 90.021 70.107 46.627 34.994 34.164 47.679 35.359 31.943 29.412 27.959 28.226 27.540 28.663 
17.362 115.496 94.425 nan 40.703 37.179 33.917 nan 35.494 32.456 29.761 28.290 28.685 27.903 29.034 
18.392 118.426 nan nan 47.740 36.621 34.137 55.610 35.855 32.740 30.377 28.680 29.117 28.325 29.461 
19.482 nan nan 88.273 75.191 38.231 35.387 86.101 37.174 33.829 31.265 29.470 29.976 29.247 30.278 
20.638 nan nan nan nan nan 36.407 nan 42.639 35.956 33.208 31.362 31.926 30.781 32.205 
21.862 124.309 95.552 nan 83.705 nan nan nan 78.579 73.959 36.914 34.665 33.480 31.990 34.682 
23.158 125.253 nan 92.235 86.140 80.281 80.374 91.666 81.273 nan nan 36.039 34.584 32.337 35.828 
24.532 124.415 nan 94.957 87.163 nan nan 92.633 82.525 79.736 nan 36.772 35.159 33.222 36.458 
25.987 124.986 100.519 nan 88.952 84.139 nan nan 82.111 81.627 nan 36.877 35.659 33.257 37.211 
27.528 126.029 100.737 97.775 90.271 83.473 83.479 nan 83.055 nan nan 40.288 35.697 33.556 37.273 
29.160 126.796 nan 96.514 89.746 85.561 81.741 nan 83.926 83.323 82.541 nan 36.182 34.580 37.759 
30.890 inf inf inf inf inf inf inf inf inf inf inf inf inf inf 
