# t[days] lsstu lsstg lsstr lssti lsstz lssty f062 f087 f106 f129 f158 f184 f213 f146 
0.103 21.768 21.875 21.068 25.305 24.459 23.493 21.609 24.326 24.806 25.763 26.983 35.221 29.532 25.663 
0.109 19.166 19.637 18.373 22.551 24.606 23.632 18.943 23.556 19.407 19.552 24.157 24.949 26.058 20.623 
0.116 17.928 18.362 19.819 19.122 19.382 20.316 19.081 19.558 21.004 22.535 22.582 24.851 39.639 21.947 
0.122 18.257 18.806 18.620 19.350 17.984 22.470 18.713 18.640 23.345 21.501 24.539 26.025 29.100 22.532 
0.130 17.631 18.260 18.892 19.117 21.119 21.125 18.832 20.854 19.854 22.090 19.738 22.882 26.269 20.225 
0.137 17.366 17.625 18.289 18.409 21.083 19.234 18.054 19.413 20.113 23.386 21.975 23.067 18.970 21.114 
0.145 17.213 18.142 18.793 19.284 19.634 18.090 18.662 18.895 19.060 22.152 19.511 20.828 25.820 19.705 
0.154 17.413 17.923 18.392 19.502 19.065 21.134 18.491 19.715 21.008 22.591 22.590 21.227 22.549 21.551 
0.163 17.266 17.784 18.414 18.499 18.694 21.320 18.141 19.047 19.841 20.023 20.514 20.265 22.049 20.200 
0.173 17.206 17.911 18.235 18.620 19.365 18.437 18.264 18.967 18.755 19.173 19.731 26.161 22.087 19.416 
0.183 17.134 17.590 18.707 18.697 19.128 20.477 18.476 19.132 19.841 20.927 20.373 21.181 21.283 20.328 
0.194 17.245 17.820 18.151 18.650 18.776 19.748 18.249 18.876 19.948 20.161 19.274 19.763 22.244 19.741 
0.206 17.237 17.818 18.372 17.984 18.258 18.558 18.164 18.300 18.827 19.463 19.850 22.147 22.071 19.586 
0.218 17.443 17.806 18.222 18.927 18.823 19.227 18.261 19.049 19.116 19.654 20.591 21.190 21.808 19.759 
0.231 17.591 17.944 19.130 18.486 19.187 19.338 18.694 19.007 19.475 20.055 19.444 20.462 21.024 19.669 
0.244 17.797 18.232 18.569 19.254 20.165 19.099 18.659 19.598 19.657 20.064 20.283 20.596 21.702 19.993 
0.259 17.862 18.227 18.401 18.865 19.418 19.457 18.426 19.516 19.682 20.095 19.993 20.241 22.563 19.980 
0.274 17.763 18.150 18.476 18.872 20.259 19.458 18.455 19.816 19.392 20.000 20.341 20.890 22.483 19.968 
0.290 17.759 18.137 18.973 19.088 19.403 19.554 18.783 19.259 19.421 19.643 20.250 19.822 21.381 19.864 
0.308 17.952 18.325 18.786 19.519 19.516 19.289 18.840 19.334 19.767 20.104 20.810 20.753 20.614 20.131 
0.326 17.811 18.166 18.633 18.638 18.959 19.175 18.458 19.028 19.273 19.640 20.070 21.109 22.028 19.811 
0.345 17.914 18.252 18.614 19.050 18.735 19.448 18.646 19.016 19.656 19.248 19.757 20.282 20.943 19.707 
0.366 17.891 18.313 18.608 18.568 19.085 19.538 18.586 18.942 19.375 19.573 20.387 21.075 21.569 19.901 
0.387 18.062 18.239 18.590 18.878 18.681 19.435 18.623 18.853 19.299 19.370 20.307 21.025 20.673 19.723 
0.410 18.005 18.419 18.534 18.802 19.034 19.131 18.562 19.004 19.299 19.451 20.020 20.311 21.269 19.621 
0.435 18.063 18.337 18.545 18.917 18.828 19.296 18.632 18.968 19.092 19.608 19.616 20.798 20.340 19.552 
0.461 18.093 18.322 18.690 18.666 18.744 18.901 18.625 18.720 19.175 19.138 19.726 20.186 20.378 19.411 
0.488 18.166 18.232 18.462 18.594 18.865 19.026 18.383 18.875 18.955 19.030 19.578 19.795 20.000 19.261 
0.517 18.141 18.280 18.388 18.704 18.794 18.815 18.434 18.756 18.991 18.999 19.631 19.763 20.355 19.259 
0.547 18.345 18.261 18.243 18.414 18.491 18.656 18.308 18.457 18.764 18.816 19.535 19.594 19.695 19.053 
0.580 18.382 18.218 18.381 18.269 18.341 18.470 18.296 18.386 18.538 18.770 18.985 19.655 19.693 18.860 
0.614 18.645 18.353 18.258 18.380 18.421 18.543 18.291 18.431 18.361 18.583 18.859 19.642 19.781 18.727 
0.651 18.829 18.376 18.220 18.325 18.427 18.377 18.261 18.411 18.508 18.582 19.155 19.356 19.354 18.798 
0.689 19.056 18.508 18.277 18.219 18.262 18.211 18.267 18.237 18.319 18.542 18.864 18.977 19.240 18.602 
0.730 19.488 18.642 18.387 18.305 18.281 18.276 18.377 18.273 18.403 18.438 18.703 19.082 19.203 18.608 
0.773 19.794 18.791 18.511 18.415 18.387 18.481 18.494 18.434 18.411 18.435 18.913 19.383 18.944 18.689 
0.819 20.181 19.038 18.651 18.450 18.460 18.576 18.638 18.454 18.536 18.465 18.695 19.203 19.175 18.665 
0.868 20.576 19.278 18.822 18.594 18.511 18.598 18.791 18.562 18.595 18.446 18.743 19.092 19.316 18.671 
0.919 20.952 19.574 19.007 18.694 18.600 18.679 18.983 18.631 18.678 18.569 18.788 19.054 19.220 18.733 
0.974 21.372 19.922 19.218 18.877 18.652 18.892 19.194 18.751 18.835 18.648 18.874 19.067 19.356 18.834 
1.032 21.547 20.093 19.522 19.100 18.857 19.008 19.454 18.937 18.968 18.624 18.795 19.088 19.294 18.847 
1.093 22.106 20.554 19.776 19.307 19.072 19.306 19.732 19.173 19.201 18.832 18.817 19.098 19.352 18.960 
1.158 22.460 20.900 20.014 19.510 19.307 19.494 19.948 19.392 19.321 18.902 18.939 19.090 19.368 19.067 
1.226 22.683 21.028 20.257 19.648 19.407 19.579 20.167 19.492 19.555 19.066 18.961 19.149 19.356 19.163 
1.299 22.882 21.628 20.582 19.989 19.594 19.744 20.534 19.680 19.696 19.114 18.982 19.139 19.512 19.222 
1.376 23.447 21.954 20.769 20.020 19.746 19.751 20.643 19.809 19.694 19.249 19.141 19.324 19.541 19.341 
1.458 23.702 22.174 20.957 20.212 19.906 20.033 20.892 19.965 19.912 19.286 19.175 19.297 19.507 19.401 
1.544 24.276 22.492 21.191 20.486 20.119 20.076 21.108 20.172 19.938 19.355 19.292 19.367 19.713 19.481 
1.636 24.896 22.823 21.640 20.748 20.333 20.266 21.532 20.361 20.022 19.391 19.288 19.400 19.644 19.509 
1.733 25.428 23.293 21.826 20.970 20.534 20.399 21.753 20.564 20.172 19.510 19.411 19.455 19.702 19.611 
1.836 25.760 23.519 22.069 21.223 20.805 20.674 21.991 20.839 20.313 19.586 19.467 19.602 19.686 19.720 
1.944 25.814 23.920 22.505 21.517 21.076 20.911 22.334 21.127 20.429 19.705 19.540 19.631 19.879 19.808 
2.060 26.638 24.225 22.591 21.711 21.323 21.136 22.519 21.338 20.639 19.867 19.672 19.738 19.952 19.947 
2.182 26.564 24.299 22.981 22.074 21.526 21.150 22.878 21.532 20.705 19.878 19.717 19.851 19.926 20.003 
2.311 27.354 24.972 23.180 22.424 21.670 21.229 23.184 21.678 20.746 19.954 19.812 19.926 20.067 20.082 
2.448 28.105 25.305 23.483 22.592 21.830 21.275 23.435 21.802 20.840 20.038 19.859 19.969 20.079 20.149 
2.594 28.171 25.853 24.005 22.903 22.247 21.597 23.833 22.195 21.001 20.093 19.891 20.062 20.108 20.213 
2.747 29.378 26.257 24.072 23.148 22.424 21.734 23.955 22.387 21.101 20.185 19.961 20.032 20.104 20.274 
2.910 30.113 26.169 24.458 23.125 22.623 21.940 24.153 22.522 21.213 20.229 19.943 20.019 20.146 20.299 
3.083 29.706 26.736 25.000 23.658 22.909 22.147 24.685 22.840 21.352 20.317 19.995 20.110 20.163 20.377 
3.266 30.589 27.198 25.290 23.978 23.166 22.179 25.029 23.036 21.425 20.335 20.021 20.098 20.183 20.396 
3.459 32.141 27.563 25.678 24.187 23.241 22.310 25.347 23.167 21.418 20.339 19.996 20.081 20.135 20.381 
3.665 35.101 29.031 26.059 24.445 23.433 22.330 25.667 23.270 21.432 20.315 19.971 20.027 20.099 20.356 
3.882 37.607 28.228 26.091 24.521 23.533 22.397 25.717 23.342 21.510 20.373 19.953 19.974 20.048 20.354 
4.112 40.208 28.703 26.231 24.693 23.603 22.446 25.819 23.408 21.512 20.326 19.912 19.967 20.042 20.328 
4.356 46.477 29.232 26.537 24.905 23.758 22.543 26.206 23.559 21.566 20.350 19.880 19.925 19.989 20.317 
4.614 29.954 29.713 26.759 24.940 23.889 22.498 26.272 23.576 21.540 20.297 19.839 19.884 19.978 20.271 
4.888 37.878 29.319 26.965 25.104 24.116 22.558 26.486 23.743 21.549 20.309 19.834 19.852 19.908 20.267 
5.178 37.864 30.081 26.929 25.172 24.121 22.764 26.586 23.869 21.669 20.314 19.811 19.866 19.975 20.272 
5.485 47.139 30.676 27.196 25.347 24.193 22.720 26.629 23.906 21.650 20.336 19.826 19.860 19.917 20.283 
5.810 59.385 30.483 27.889 25.521 24.226 22.879 27.043 24.026 21.738 20.400 19.861 19.936 19.966 20.335 
6.155 51.306 31.660 27.833 25.442 24.470 23.042 27.024 24.170 21.864 20.476 19.904 19.959 19.986 20.390 
6.520 71.143 32.999 27.973 26.047 24.792 23.173 27.751 24.447 22.013 20.596 19.955 20.002 20.039 20.464 
6.906 73.836 32.400 28.936 26.104 24.822 23.387 27.694 24.553 22.186 20.727 20.033 20.045 20.124 20.546 
7.316 66.336 40.555 29.993 26.633 25.229 23.582 28.501 24.891 22.368 20.833 20.138 20.142 20.180 20.650 
7.750 74.291 38.215 30.323 26.574 25.486 23.861 28.715 25.106 22.582 20.999 20.198 20.173 20.275 20.732 
8.210 nan 42.818 30.942 27.872 25.596 24.110 29.573 25.339 22.786 21.143 20.283 20.241 20.376 20.835 
8.696 nan 38.291 29.971 27.768 25.968 24.427 29.596 25.706 22.985 21.271 20.381 20.301 20.480 20.928 
9.212 nan 55.059 31.436 28.042 26.621 24.692 29.764 26.146 23.174 21.416 20.470 20.360 20.571 21.027 
9.759 80.751 35.061 32.010 28.282 26.721 24.692 29.787 26.105 23.312 21.562 20.596 20.458 20.700 21.144 
10.337 80.837 48.157 30.786 28.437 26.897 25.076 29.923 26.455 23.470 21.715 20.740 20.581 20.838 21.282 
10.950 72.116 51.473 33.503 29.852 27.417 25.306 31.635 26.947 23.613 21.880 20.907 20.751 20.985 21.452 
11.600 78.190 50.058 33.085 29.857 27.767 25.591 32.495 27.476 23.755 22.059 21.073 20.909 21.108 21.613 
12.288 79.314 48.628 34.305 31.011 28.252 25.791 33.866 27.608 24.043 22.222 21.247 21.053 21.240 21.773 
13.016 73.956 48.086 32.796 29.890 28.162 25.981 31.849 27.729 24.182 22.447 21.458 21.215 21.406 21.963 
13.788 69.938 43.990 34.119 30.352 28.399 26.216 32.177 28.065 24.339 22.616 21.630 21.362 21.499 22.125 
14.606 74.094 42.061 33.126 30.472 28.166 26.237 32.389 28.011 24.434 22.804 21.894 21.530 21.677 22.325 
15.472 95.605 39.914 32.345 29.359 27.326 25.914 31.335 27.255 24.366 22.813 22.097 21.729 21.750 22.484 
16.390 88.645 40.183 32.972 28.642 26.718 25.737 31.645 26.725 24.376 22.879 22.235 21.937 21.823 22.626 
17.362 nan 41.339 30.872 28.399 26.839 25.885 30.667 26.825 24.428 23.001 22.403 22.072 21.926 22.768 
18.392 nan 42.866 31.955 28.627 27.310 26.002 31.156 27.089 24.601 23.149 22.587 22.237 22.031 22.934 
19.482 102.930 47.547 33.377 28.982 27.552 26.309 32.652 27.373 24.770 23.276 22.693 22.384 22.135 23.070 
20.638 103.778 47.299 34.201 29.588 28.103 26.702 32.263 27.882 25.035 23.347 22.828 22.516 22.210 23.205 
21.862 nan 58.275 34.715 29.845 28.449 27.069 32.655 28.287 25.264 23.541 22.951 22.629 22.312 23.346 
23.158 nan 49.240 38.855 30.692 29.208 27.464 32.996 28.815 25.620 23.723 23.071 22.760 22.434 23.489 
24.532 nan 84.517 41.037 31.157 28.986 27.983 34.125 29.077 26.035 23.994 23.253 22.912 22.574 23.686 
25.987 nan 60.746 37.604 32.453 29.857 28.509 36.783 29.730 26.376 24.219 23.441 23.115 22.746 23.905 
27.528 111.117 nan 35.950 32.622 30.696 28.703 34.307 30.467 26.770 24.450 23.725 23.361 22.965 24.160 
29.160 nan 90.937 nan 38.096 30.972 28.944 40.829 30.566 27.224 24.717 24.050 23.747 23.367 24.504 
30.890 inf inf inf inf inf inf inf inf inf inf inf inf inf inf 
