# t[days] lsstu lsstg lsstr lssti lsstz lssty f062 f087 f106 f129 f158 f184 f213 f146 
0.103 23.322 23.444 24.981 25.996 23.635 25.794 24.573 24.359 26.280 24.805 26.486 26.866 26.284 25.620 
0.109 20.660 20.702 21.729 21.479 20.567 23.589 21.213 21.348 22.889 24.971 21.138 20.465 28.093 21.822 
0.116 20.653 20.487 21.599 20.767 22.262 22.133 21.090 21.634 21.442 22.512 23.702 27.594 27.210 22.514 
0.122 20.442 20.461 20.359 20.460 20.701 23.093 20.368 20.976 21.289 22.029 23.280 24.892 27.465 22.264 
0.130 20.386 20.738 20.628 20.946 21.515 22.508 20.586 21.931 21.694 22.428 23.279 24.899 31.024 22.583 
0.137 20.486 20.482 21.139 21.743 20.661 20.536 21.058 20.755 21.300 21.828 23.813 24.084 24.433 22.002 
0.145 20.705 20.702 20.968 20.708 21.605 22.112 20.884 21.344 21.729 21.629 22.637 23.296 21.747 22.054 
0.154 20.570 20.812 20.950 20.756 21.024 20.833 20.925 20.761 21.203 21.617 22.106 23.606 25.653 21.743 
0.163 20.438 20.882 20.916 20.966 20.896 22.049 20.951 21.025 21.626 21.273 22.145 23.148 22.465 21.838 
0.173 20.868 20.780 20.912 21.319 21.491 22.068 21.001 21.445 22.080 21.160 22.455 23.201 24.471 21.855 
0.183 20.745 20.890 20.987 20.959 20.802 21.580 21.063 20.967 22.126 21.380 21.327 22.588 22.371 21.746 
0.194 20.789 21.016 21.023 20.922 21.371 21.175 21.065 21.015 21.433 21.718 21.463 20.785 23.255 21.359 
0.206 20.976 20.893 20.920 21.120 20.900 21.783 20.965 21.067 21.976 21.479 22.307 23.459 22.685 21.983 
0.218 20.819 21.216 21.511 21.687 21.219 21.726 21.591 21.439 21.370 21.771 21.443 22.340 22.622 21.655 
0.231 20.909 21.014 21.217 21.207 21.680 21.838 21.097 21.745 21.891 22.150 22.155 23.588 22.375 22.196 
0.244 21.173 21.332 21.317 21.329 22.034 22.065 21.280 21.934 21.997 21.376 22.174 21.993 23.114 21.779 
0.259 21.096 21.277 21.351 22.037 21.414 21.918 21.443 21.700 21.834 22.124 21.257 22.490 23.194 21.757 
0.274 20.910 21.461 21.568 21.477 21.885 21.860 21.479 21.863 22.103 22.061 22.215 21.881 22.557 22.118 
0.290 21.276 21.424 21.541 21.536 21.769 21.682 21.548 21.614 22.043 22.092 22.266 21.698 21.504 21.987 
0.308 21.291 21.711 21.662 21.741 21.669 22.236 21.707 21.800 22.244 22.278 22.389 22.168 21.978 22.329 
0.326 21.409 21.506 21.515 21.625 21.601 21.248 21.504 21.538 21.659 22.567 22.433 22.078 22.085 22.044 
0.345 21.436 21.647 21.620 21.944 21.609 21.923 21.651 21.811 22.000 22.247 22.661 22.012 22.816 22.180 
0.366 21.511 21.392 21.676 21.812 21.453 21.618 21.606 21.630 21.902 22.291 22.563 22.407 22.627 22.245 
0.387 21.638 21.635 21.843 21.721 21.724 21.510 21.710 21.695 21.363 22.040 22.315 22.787 22.615 21.957 
0.410 21.614 21.794 21.927 21.815 21.708 21.641 21.862 21.807 21.681 22.068 22.479 22.200 21.831 22.038 
0.435 21.708 21.669 21.742 21.647 21.880 21.759 21.715 21.750 21.849 22.059 22.263 22.498 22.581 22.112 
0.461 21.879 21.684 21.618 21.555 21.737 21.992 21.551 21.793 22.029 21.922 22.240 22.139 22.573 22.096 
0.488 21.997 21.862 21.740 21.830 21.767 21.661 21.759 21.699 21.949 22.026 22.286 22.160 22.511 22.103 
0.517 22.032 21.867 21.794 21.689 21.994 21.922 21.753 21.890 21.997 22.082 22.232 22.135 22.244 22.106 
0.547 22.079 21.963 21.899 21.865 21.821 21.969 21.892 21.876 21.993 22.015 22.136 22.313 22.433 22.106 
0.580 22.064 21.930 21.867 21.806 21.989 21.925 21.884 21.870 21.979 21.932 22.210 22.606 22.565 22.139 
0.614 22.255 22.026 21.906 21.816 21.962 21.762 21.876 21.848 21.893 22.045 22.197 22.017 22.491 22.018 
0.651 22.252 22.065 21.833 21.819 22.024 21.844 21.857 21.894 22.034 22.108 22.352 22.259 22.376 22.156 
0.689 22.392 22.001 21.839 21.896 21.879 22.036 21.863 21.912 21.998 22.008 22.191 22.117 22.435 22.067 
0.730 22.431 22.040 21.890 21.708 21.765 21.700 21.824 21.748 21.794 21.916 22.240 22.177 22.286 21.989 
0.773 22.559 22.059 21.905 21.856 21.834 21.882 21.912 21.848 21.910 21.958 22.026 22.037 22.499 21.982 
0.819 22.639 22.168 21.918 21.775 21.868 21.825 21.889 21.845 21.887 22.010 22.010 22.159 22.331 22.013 
0.868 22.890 22.243 21.899 21.838 21.945 21.837 21.932 21.875 21.928 21.935 22.043 22.106 22.316 21.987 
0.919 22.989 22.361 22.032 21.817 21.881 21.951 22.019 21.860 21.900 21.843 22.039 22.124 22.381 21.960 
0.974 23.229 22.448 22.017 21.857 21.790 21.853 22.044 21.801 21.872 21.921 22.077 22.170 22.306 21.990 
1.032 23.408 22.504 22.185 21.962 21.853 21.727 22.174 21.811 21.802 21.937 22.056 22.137 22.358 21.960 
1.093 23.502 22.623 22.227 21.905 21.850 21.808 22.199 21.825 21.851 21.822 21.986 22.080 22.335 21.921 
1.158 23.716 22.749 22.297 21.938 21.909 21.850 22.265 21.877 21.838 21.818 21.975 21.995 22.310 21.900 
1.226 23.892 22.822 22.395 22.092 21.998 21.857 22.369 21.978 21.899 21.911 22.076 22.102 22.317 21.993 
1.299 24.159 22.925 22.422 22.127 21.984 21.889 22.410 21.977 21.854 21.823 21.998 22.098 22.213 21.924 
1.376 24.406 23.056 22.485 22.123 22.000 21.851 22.472 21.972 21.848 21.819 21.960 22.106 22.168 21.914 
1.458 24.483 23.052 22.520 22.110 22.038 21.811 22.473 21.976 21.808 21.820 21.965 22.092 22.143 21.902 
1.544 24.900 23.150 22.523 22.147 21.982 21.815 22.512 21.954 21.769 21.709 21.905 22.019 22.124 21.841 
1.636 25.026 23.292 22.554 22.131 21.983 21.797 22.536 21.957 21.793 21.759 21.898 22.008 22.072 21.854 
1.733 25.522 23.383 22.641 22.189 22.019 21.810 22.615 21.980 21.811 21.796 21.922 22.012 22.132 21.881 
1.836 25.939 23.575 22.642 22.200 22.017 21.833 22.661 21.985 21.794 21.804 21.930 21.980 22.073 21.869 
1.944 26.257 23.711 22.716 22.297 22.034 21.819 22.739 22.017 21.797 21.776 21.911 22.003 22.077 21.863 
2.060 26.593 23.936 22.852 22.328 22.144 21.857 22.859 22.082 21.825 21.785 21.916 21.997 22.021 21.874 
2.182 26.901 24.159 22.972 22.422 22.133 21.844 22.981 22.087 21.841 21.827 21.974 22.033 22.023 21.912 
2.311 27.409 24.351 23.124 22.540 22.208 21.932 23.132 22.173 21.895 21.842 21.968 22.035 22.010 21.928 
2.448 27.795 24.609 23.214 22.651 22.291 21.968 23.248 22.248 21.943 21.863 21.958 22.024 21.955 21.945 
2.594 28.615 24.995 23.412 22.745 22.319 22.001 23.433 22.288 21.962 21.867 21.934 22.036 21.937 21.946 
2.747 28.714 25.366 23.612 22.895 22.419 22.055 23.624 22.386 22.016 21.896 21.946 22.053 21.938 21.972 
2.910 29.500 25.600 23.799 23.012 22.512 22.099 23.785 22.479 22.055 21.920 21.961 22.051 21.952 21.989 
3.083 30.200 25.908 24.077 23.234 22.622 22.244 24.025 22.617 22.152 21.965 21.955 22.101 21.953 22.041 
3.266 30.494 26.180 24.356 23.365 22.777 22.358 24.233 22.758 22.272 22.052 21.968 22.094 21.937 22.093 
3.459 31.275 26.452 24.583 23.531 22.924 22.512 24.410 22.923 22.396 22.128 21.976 22.071 21.942 22.142 
3.665 31.754 26.763 24.887 23.711 23.095 22.570 24.649 23.060 22.499 22.206 22.031 22.101 21.958 22.206 
3.882 31.895 27.010 25.208 23.919 23.239 22.798 24.885 23.253 22.669 22.326 22.082 22.123 21.982 22.294 
4.112 32.423 27.375 25.605 24.157 23.455 22.947 25.192 23.461 22.784 22.419 22.122 22.154 22.015 22.360 
4.356 34.131 27.806 25.962 24.402 23.670 23.150 25.477 23.671 22.959 22.525 22.149 22.128 22.042 22.422 
4.614 34.414 28.181 26.486 24.660 23.826 23.284 25.813 23.843 23.074 22.622 22.188 22.187 22.056 22.491 
4.888 39.532 28.716 26.831 25.036 24.108 23.545 26.185 24.136 23.271 22.798 22.237 22.165 22.081 22.572 
5.178 42.454 29.269 27.621 25.477 24.415 23.803 26.720 24.444 23.475 22.929 22.285 22.217 22.146 22.663 
5.485 40.647 29.868 28.072 25.911 24.807 24.057 27.189 24.793 23.670 23.097 22.381 22.256 22.171 22.765 
5.810 42.957 31.057 28.806 26.357 25.183 24.348 27.697 25.150 23.876 23.252 22.448 22.318 22.238 22.864 
6.155 43.538 31.297 29.358 26.789 25.543 24.597 28.145 25.483 24.079 23.426 22.570 22.383 22.352 22.984 
6.520 54.648 31.764 29.966 27.387 25.900 24.881 28.792 25.811 24.321 23.590 22.674 22.465 22.422 23.103 
6.906 49.071 32.451 30.378 27.894 26.311 25.118 29.272 26.159 24.546 23.762 22.815 22.577 22.541 23.249 
7.316 nan 32.687 31.364 28.275 26.740 25.439 29.717 26.557 24.803 23.885 22.906 22.709 22.618 23.372 
7.750 68.090 33.405 31.254 28.731 27.109 25.659 30.015 26.858 25.025 24.016 23.058 22.836 22.750 23.516 
8.210 72.027 33.343 31.994 29.285 27.433 25.856 30.587 27.123 25.234 24.185 23.209 22.971 22.865 23.669 
8.696 nan 35.008 32.994 29.532 27.773 26.165 30.968 27.421 25.510 24.319 23.409 23.180 23.029 23.864 
9.212 80.052 36.701 33.844 29.912 28.066 26.531 31.709 27.756 25.836 24.465 23.604 23.349 23.242 24.050 
9.759 nan 38.988 35.999 30.572 28.432 26.730 32.789 28.044 26.128 24.625 23.728 23.580 23.422 24.230 
10.337 nan 36.144 34.684 31.426 28.936 27.199 32.977 28.530 26.547 24.793 23.904 23.749 23.589 24.416 
10.950 nan 51.325 36.784 32.010 29.394 27.631 34.568 28.966 26.875 25.044 24.083 23.929 23.796 24.609 
11.600 nan 57.936 35.187 32.182 29.850 27.993 33.795 29.451 27.153 25.294 24.301 24.152 24.018 24.841 
12.288 96.165 nan 38.958 32.917 30.295 28.639 36.242 29.897 27.685 25.564 24.565 24.399 24.317 25.112 
13.016 98.039 73.012 43.319 32.855 30.461 29.240 34.475 30.375 28.147 25.902 24.854 24.651 24.677 25.402 
13.788 nan 67.684 38.292 33.245 31.475 30.097 37.527 31.260 28.524 26.371 25.161 24.920 24.968 25.711 
14.606 100.145 nan nan 35.340 33.153 30.721 37.090 32.390 28.978 26.943 25.582 25.368 25.359 26.164 
15.472 nan nan nan 36.375 32.611 31.447 41.071 32.599 29.553 27.397 25.944 25.773 25.715 26.553 
16.390 nan nan 71.030 37.396 33.739 32.027 43.509 33.221 30.100 27.746 26.343 26.246 26.093 26.972 
17.362 nan nan nan 39.508 33.962 31.853 40.867 33.136 30.083 27.961 26.778 26.773 26.385 27.390 
18.392 105.899 87.775 nan 37.841 34.128 32.352 39.200 33.509 30.847 28.274 27.300 27.555 26.768 27.941 
19.482 105.788 88.537 nan nan 34.124 32.655 65.288 34.281 31.591 29.144 28.159 28.233 27.465 28.749 
20.638 107.226 91.212 nan 78.757 nan 34.361 86.832 35.682 32.962 30.256 29.172 29.456 28.481 29.828 
21.862 nan nan 87.002 nan 76.193 50.546 nan 73.700 34.701 33.023 31.681 31.041 29.951 31.949 
23.158 nan 94.045 89.272 nan nan nan nan nan 68.548 33.874 33.313 32.816 30.690 33.506 
24.532 nan nan 89.648 nan 79.227 nan nan nan nan 41.815 34.650 32.026 31.537 33.497 
25.987 nan nan 90.412 nan 78.570 nan nan 82.519 77.761 nan 52.571 32.771 31.778 34.348 
27.528 nan nan 91.317 nan 80.635 nan nan nan 78.168 nan nan 34.099 32.362 35.676 
29.160 115.908 nan nan nan 81.135 nan nan 82.334 78.581 78.028 35.270 34.601 32.841 36.177 
30.890 inf inf inf inf inf inf inf inf inf inf inf inf inf inf 
