# t[days] lsstu lsstg lsstr lssti lsstz lssty f062 f087 f106 f129 f158 f184 f213 f146 
0.103 22.263 21.224 20.838 26.564 27.518 23.326 21.239 24.595 24.307 27.376 28.733 40.835 29.671 25.488 
0.109 18.335 19.283 20.985 19.378 20.023 21.773 20.422 19.463 22.766 27.495 24.543 24.208 28.128 23.790 
0.116 18.705 18.833 18.852 21.814 21.554 21.650 18.992 21.541 19.507 19.516 22.751 25.839 35.253 20.663 
0.122 18.267 18.596 20.545 19.388 21.030 18.996 20.038 19.747 19.493 23.412 23.943 26.953 30.271 20.710 
0.130 17.977 18.284 18.756 19.066 20.334 19.670 18.728 19.767 20.600 22.188 22.892 25.405 25.841 21.562 
0.137 17.854 17.804 19.801 19.399 19.548 19.051 18.863 19.849 19.582 23.542 19.551 22.577 22.365 20.011 
0.145 17.424 17.923 18.634 18.407 20.722 19.009 18.280 19.881 19.918 22.317 19.420 21.069 27.122 20.061 
0.154 17.266 17.862 18.338 19.072 18.640 20.132 18.369 18.819 19.845 20.174 21.496 20.953 24.016 20.612 
0.163 17.650 17.492 18.326 18.926 18.830 18.238 18.246 18.546 18.572 18.753 22.234 21.778 24.794 19.392 
0.173 17.075 17.912 18.699 18.223 19.600 19.421 18.316 19.118 19.065 20.233 21.300 20.642 18.765 19.843 
0.183 17.214 17.901 18.100 18.806 18.736 19.455 18.158 18.904 20.114 20.721 22.239 21.681 20.769 20.760 
0.194 17.430 18.130 18.625 18.828 18.093 18.531 18.758 18.293 19.274 20.482 20.614 19.529 22.032 19.764 
0.206 17.495 17.851 18.854 18.810 18.626 20.422 18.562 18.889 20.048 19.668 19.226 23.400 21.691 19.755 
0.218 17.385 17.926 18.786 18.840 18.706 19.329 18.525 18.985 19.383 20.783 20.485 22.321 20.227 20.133 
0.231 17.676 18.158 18.647 18.571 18.904 19.170 18.502 18.868 19.677 19.561 20.568 19.998 20.648 19.799 
0.244 17.778 18.004 18.660 18.401 19.509 18.698 18.438 18.763 19.216 19.391 20.289 20.657 21.961 19.612 
0.259 17.497 17.901 18.619 18.944 19.226 19.209 18.498 19.218 19.399 20.578 20.151 19.903 21.611 19.942 
0.274 17.728 18.166 18.720 18.717 19.934 19.035 18.547 19.216 19.318 19.632 20.689 20.521 20.926 19.840 
0.290 17.866 18.304 18.903 19.267 19.061 19.373 18.928 19.125 19.293 19.967 20.240 20.272 21.079 19.940 
0.308 17.850 18.260 18.588 18.697 19.702 19.186 18.547 19.132 19.540 20.192 20.321 21.088 21.201 20.046 
0.326 17.867 18.310 18.676 19.133 19.222 19.243 18.664 19.232 19.142 19.619 20.819 20.017 20.339 19.775 
0.345 17.835 18.240 18.592 18.970 19.156 19.619 18.649 19.125 19.480 19.903 20.718 21.041 20.961 20.145 
0.366 17.824 18.323 18.605 18.715 19.037 18.850 18.579 18.923 19.046 19.399 20.296 20.602 21.135 19.617 
0.387 18.007 18.280 18.578 18.675 19.035 19.151 18.550 18.978 19.395 19.649 19.921 20.639 20.535 19.722 
0.410 17.897 18.363 18.492 18.558 18.857 18.908 18.433 18.919 19.213 19.339 19.901 20.390 20.510 19.546 
0.435 18.103 18.332 18.567 18.958 19.088 18.495 18.607 18.830 18.872 19.538 19.746 20.607 20.861 19.472 
0.461 18.149 18.295 18.481 18.831 18.969 18.855 18.531 18.894 18.984 19.189 19.452 20.281 19.834 19.285 
0.488 18.091 18.258 18.464 18.633 18.819 18.995 18.464 18.836 18.937 19.083 19.449 19.845 19.499 19.257 
0.517 18.205 18.292 18.391 18.580 18.658 18.523 18.434 18.572 18.667 18.897 19.526 19.896 20.625 19.106 
0.547 18.183 18.219 18.259 18.334 18.670 18.783 18.269 18.617 18.741 19.016 19.448 19.684 19.952 19.126 
0.580 18.334 18.238 18.177 18.307 18.540 18.334 18.240 18.361 18.405 18.748 19.107 19.485 19.726 18.798 
0.614 18.448 18.278 18.153 18.327 18.464 18.460 18.200 18.419 18.431 18.658 18.704 19.060 19.603 18.647 
0.651 18.727 18.330 18.224 18.300 18.346 18.352 18.257 18.307 18.312 18.509 18.971 19.301 19.666 18.679 
0.689 18.860 18.408 18.244 18.235 18.469 18.310 18.243 18.379 18.334 18.582 18.871 19.084 19.207 18.662 
0.730 19.049 18.520 18.307 18.232 18.264 18.355 18.303 18.270 18.338 18.547 18.688 18.950 19.403 18.603 
0.773 19.354 18.754 18.440 18.281 18.281 18.279 18.462 18.244 18.347 18.437 18.789 19.271 18.892 18.612 
0.819 19.660 18.863 18.490 18.410 18.438 18.481 18.508 18.453 18.451 18.459 18.597 18.987 19.151 18.587 
0.868 19.804 19.017 18.663 18.420 18.364 18.399 18.629 18.388 18.423 18.404 18.773 19.007 19.247 18.612 
0.919 20.158 19.276 18.889 18.581 18.516 18.583 18.853 18.542 18.546 18.529 18.745 19.022 19.164 18.669 
0.974 20.395 19.403 19.017 18.734 18.548 18.638 18.994 18.596 18.609 18.511 18.747 18.922 19.314 18.668 
1.032 20.589 19.662 19.187 18.873 18.772 18.846 19.152 18.819 18.746 18.615 18.716 19.075 19.312 18.758 
1.093 20.867 19.866 19.305 19.008 18.914 18.933 19.300 18.941 18.876 18.722 18.751 18.993 19.362 18.833 
1.158 21.244 20.079 19.471 19.253 19.033 19.124 19.496 19.100 19.117 18.862 18.857 19.037 19.335 18.963 
1.226 21.626 20.258 19.590 19.333 19.152 19.283 19.608 19.224 19.226 18.889 18.915 19.036 19.351 19.009 
1.299 21.964 20.424 19.749 19.423 19.280 19.385 19.736 19.347 19.240 18.996 18.958 19.108 19.364 19.077 
1.376 22.116 20.636 19.931 19.493 19.349 19.494 19.897 19.411 19.382 19.047 19.030 19.080 19.378 19.142 
1.458 22.376 20.724 20.003 19.624 19.482 19.535 19.997 19.507 19.454 19.111 19.094 19.206 19.468 19.213 
1.544 22.773 20.942 20.142 19.758 19.539 19.605 20.124 19.604 19.470 19.144 19.097 19.241 19.478 19.238 
1.636 23.231 21.124 20.301 19.868 19.668 19.690 20.283 19.717 19.542 19.178 19.181 19.261 19.437 19.295 
1.733 23.846 21.382 20.438 19.936 19.810 19.874 20.412 19.841 19.666 19.245 19.222 19.284 19.490 19.349 
1.836 24.015 21.604 20.597 20.101 19.991 19.975 20.556 20.024 19.778 19.329 19.338 19.409 19.650 19.458 
1.944 24.991 21.919 20.754 20.243 20.039 20.164 20.737 20.104 19.869 19.425 19.415 19.424 19.692 19.537 
2.060 24.738 22.160 20.972 20.400 20.183 20.258 20.944 20.240 19.977 19.486 19.491 19.539 19.707 19.614 
2.182 25.467 22.595 21.186 20.529 20.296 20.304 21.150 20.329 20.056 19.553 19.603 19.616 19.817 19.702 
2.311 25.938 22.910 21.383 20.692 20.450 20.371 21.330 20.466 20.156 19.626 19.618 19.668 19.831 19.762 
2.448 25.858 23.278 21.629 20.858 20.626 20.509 21.567 20.628 20.223 19.695 19.702 19.755 19.876 19.837 
2.594 27.459 23.810 21.892 21.027 20.715 20.554 21.803 20.721 20.289 19.749 19.719 19.805 19.898 19.889 
2.747 27.558 24.109 22.172 21.223 20.867 20.570 22.051 20.820 20.387 19.827 19.772 19.833 19.934 19.948 
2.910 28.542 24.500 22.370 21.354 20.962 20.698 22.213 20.964 20.465 19.856 19.759 19.842 19.936 19.968 
3.083 28.906 24.878 22.763 21.618 21.110 20.806 22.566 21.110 20.561 19.970 19.810 19.853 19.903 20.035 
3.266 28.657 25.236 22.903 21.736 21.185 20.866 22.707 21.205 20.622 19.981 19.806 19.889 19.993 20.054 
3.459 29.440 25.283 22.994 21.788 21.294 20.882 22.758 21.273 20.661 19.998 19.792 19.879 19.965 20.065 
3.665 30.591 25.372 23.175 21.902 21.379 20.887 22.905 21.336 20.683 20.015 19.750 19.803 19.925 20.037 
3.882 31.934 25.378 23.256 21.929 21.371 20.920 22.984 21.342 20.715 20.034 19.712 19.777 19.872 20.027 
4.112 29.503 25.476 23.393 21.993 21.421 20.935 23.039 21.393 20.720 20.022 19.703 19.761 19.874 20.019 
4.356 31.422 25.502 23.457 22.069 21.441 20.936 23.091 21.421 20.743 20.052 19.664 19.724 19.820 20.009 
4.614 31.176 25.695 23.504 22.124 21.533 20.963 23.164 21.484 20.737 20.043 19.642 19.700 19.817 19.985 
4.888 31.749 25.814 23.727 22.219 21.641 21.035 23.328 21.574 20.778 20.044 19.634 19.696 19.749 19.995 
5.178 32.676 26.085 23.958 22.415 21.690 21.079 23.562 21.639 20.829 20.066 19.631 19.706 19.781 20.008 
5.485 36.477 26.383 24.183 22.634 21.844 21.256 23.781 21.826 20.895 20.130 19.656 19.724 19.784 20.044 
5.810 31.457 26.877 24.589 22.908 22.048 21.375 24.151 21.993 21.006 20.190 19.691 19.748 19.815 20.093 
6.155 38.487 27.463 24.968 23.196 22.328 21.577 24.435 22.264 21.139 20.309 19.743 19.794 19.855 20.171 
6.520 42.520 28.182 25.698 23.613 22.626 21.864 25.018 22.583 21.345 20.424 19.795 19.859 19.940 20.258 
6.906 39.529 28.887 26.445 24.127 23.070 22.142 25.639 22.955 21.571 20.603 19.904 19.934 20.013 20.384 
7.316 45.879 29.871 27.152 24.741 23.541 22.406 26.296 23.353 21.787 20.792 19.987 20.010 20.071 20.493 
7.750 50.311 31.891 27.734 25.350 24.025 22.773 26.845 23.825 22.010 20.951 20.046 20.073 20.163 20.589 
8.210 50.148 31.982 28.642 25.926 24.465 23.123 27.640 24.216 22.308 21.121 20.143 20.156 20.256 20.712 
8.696 61.588 32.902 29.159 26.681 25.037 23.479 28.281 24.709 22.498 21.270 20.226 20.212 20.337 20.804 
9.212 47.795 33.137 29.564 26.989 25.363 23.758 28.631 25.033 22.669 21.415 20.303 20.303 20.475 20.907 
9.759 64.578 35.259 30.597 27.495 25.769 23.905 29.004 25.331 22.820 21.549 20.441 20.420 20.595 21.035 
10.337 52.672 33.443 30.289 28.065 26.308 24.196 29.543 25.760 22.969 21.703 20.589 20.530 20.741 21.172 
10.950 63.910 35.404 31.099 28.441 26.603 24.441 30.371 26.018 23.159 21.885 20.764 20.738 20.861 21.359 
11.600 nan 35.871 30.855 29.179 27.117 24.973 30.206 26.650 23.363 22.079 20.947 20.866 21.011 21.526 
12.288 79.580 40.035 32.933 29.426 27.426 25.269 31.250 27.059 23.601 22.266 21.120 21.024 21.148 21.699 
13.016 71.832 37.176 33.536 29.797 27.864 25.641 31.630 27.556 23.884 22.504 21.336 21.184 21.334 21.899 
13.788 84.952 40.446 33.665 29.551 27.401 25.616 31.785 27.163 24.001 22.657 21.542 21.360 21.454 22.079 
14.606 79.209 40.576 33.103 29.164 27.109 25.792 31.073 27.110 24.178 22.827 21.803 21.528 21.606 22.285 
15.472 86.686 37.461 32.097 28.651 26.692 25.697 30.629 26.767 24.192 22.808 22.023 21.702 21.696 22.435 
16.390 81.854 39.840 31.353 28.521 26.622 25.532 30.713 26.592 24.299 22.899 22.229 21.962 21.818 22.632 
17.362 92.654 38.882 30.654 28.709 26.782 25.662 30.628 26.685 24.367 22.986 22.388 22.084 21.941 22.763 
18.392 nan 41.862 32.451 28.806 27.181 26.119 31.172 27.090 24.591 23.163 22.584 22.241 22.025 22.936 
19.482 97.731 43.054 34.774 29.019 27.498 26.295 32.500 27.312 24.767 23.256 22.687 22.397 22.136 23.074 
20.638 99.053 46.451 36.427 29.491 28.041 26.751 32.684 27.845 25.045 23.362 22.837 22.486 22.193 23.201 
21.862 nan 54.385 33.282 30.092 28.428 27.011 33.306 28.275 25.274 23.538 22.947 22.659 22.331 23.354 
23.158 nan 51.477 37.900 30.560 29.176 27.527 32.934 28.856 25.586 23.727 23.085 22.756 22.434 23.495 
24.532 nan nan 40.888 31.755 28.810 27.986 33.833 29.087 26.058 23.989 23.248 22.934 22.591 23.692 
25.987 nan 61.538 38.392 32.072 30.234 28.457 38.355 29.899 26.425 24.224 23.453 23.135 22.769 23.919 
27.528 nan 87.499 37.772 32.938 30.816 28.832 34.184 30.567 26.869 24.499 23.738 23.374 22.973 24.182 
29.160 nan nan 44.038 36.560 30.557 28.773 40.911 30.404 27.159 24.728 24.083 23.751 23.377 24.521 
30.890 inf inf inf inf inf inf inf inf inf inf inf inf inf inf 
