# t[days] lsstu lsstg lsstr lssti lsstz lssty f062 f087 f106 f129 f158 f184 f213 f146 
0.103 22.381 22.800 23.800 25.636 23.521 24.725 23.913 24.000 25.495 25.565 25.610 30.370 22.061 25.757 
0.109 19.370 19.245 20.241 23.369 21.443 23.540 20.165 22.205 23.056 24.209 28.746 24.591 25.620 23.971 
0.116 18.696 19.376 20.363 20.113 21.871 21.594 20.089 20.642 20.308 20.800 23.995 22.890 25.961 20.997 
0.122 18.814 18.941 19.163 20.765 22.322 19.085 19.285 20.485 19.618 20.847 21.095 22.129 24.046 20.449 
0.130 18.489 18.879 19.680 19.330 18.678 19.283 19.375 19.051 19.680 20.608 21.345 30.026 23.405 20.438 
0.137 18.500 18.583 19.070 19.949 19.488 20.760 19.031 19.872 19.885 20.766 20.697 19.416 19.921 20.109 
0.145 18.268 18.620 18.899 18.950 19.138 19.916 18.858 19.284 20.236 20.206 20.572 22.668 23.047 20.478 
0.154 18.513 18.523 18.980 20.291 19.833 19.959 19.135 20.136 20.251 20.459 19.888 22.364 21.045 20.211 
0.163 18.224 18.644 18.753 19.448 19.719 19.679 18.847 19.673 19.875 20.654 20.207 19.630 22.793 20.099 
0.173 18.535 18.880 18.928 19.519 20.212 20.057 18.990 20.053 19.902 20.300 21.768 21.529 20.577 20.596 
0.183 18.557 18.865 19.037 19.607 19.712 19.271 19.140 19.645 19.747 20.680 20.983 20.366 21.506 20.232 
0.194 18.534 18.725 18.798 19.406 20.344 20.331 18.943 19.981 19.793 20.102 20.711 20.706 20.216 20.242 
0.206 18.466 18.850 19.288 19.438 20.631 19.405 19.117 20.167 19.659 20.496 19.752 20.113 22.399 19.912 
0.218 18.736 19.027 19.211 19.361 19.603 20.221 19.168 19.752 19.614 20.461 20.573 20.962 21.999 20.229 
0.231 18.877 19.053 19.461 19.832 19.908 19.512 19.405 19.952 19.663 20.114 21.070 21.748 21.955 20.239 
0.244 18.904 19.029 19.340 19.470 19.692 19.658 19.281 19.544 19.939 20.773 20.780 20.917 21.432 20.469 
0.259 19.113 19.256 19.470 19.376 19.910 19.893 19.402 19.711 19.942 20.010 20.795 20.862 20.525 20.254 
0.274 19.144 19.246 19.411 19.483 19.621 19.601 19.408 19.532 19.631 19.963 20.566 20.849 22.002 20.088 
0.290 19.130 19.294 19.389 19.525 19.744 19.720 19.432 19.690 19.719 19.862 20.499 21.000 20.502 20.095 
0.308 19.128 19.241 19.324 19.248 19.615 19.764 19.335 19.461 19.633 19.822 19.949 19.853 20.487 19.791 
0.326 19.161 19.248 19.287 19.269 19.317 19.506 19.270 19.345 19.602 19.941 19.913 20.057 20.342 19.854 
0.345 19.248 19.173 19.160 19.269 19.430 19.464 19.195 19.376 19.394 19.460 20.022 20.539 20.701 19.733 
0.366 19.458 19.331 19.166 19.276 19.356 19.375 19.208 19.322 19.390 19.558 19.876 20.668 20.535 19.728 
0.387 19.436 19.266 19.134 19.229 19.258 19.254 19.180 19.227 19.228 19.690 19.829 20.178 20.277 19.624 
0.410 19.778 19.488 19.230 19.175 19.284 19.343 19.225 19.316 19.276 19.413 19.709 19.787 20.054 19.523 
0.435 19.922 19.569 19.267 19.225 19.214 19.311 19.305 19.241 19.264 19.378 19.557 19.523 20.064 19.427 
0.461 19.998 19.698 19.424 19.330 19.217 19.292 19.441 19.263 19.305 19.485 19.415 19.669 20.063 19.435 
0.488 20.308 19.813 19.432 19.380 19.395 19.316 19.472 19.365 19.433 19.443 19.577 19.594 19.674 19.493 
0.517 20.567 20.140 19.701 19.542 19.531 19.441 19.689 19.534 19.511 19.581 19.521 19.708 19.820 19.564 
0.547 20.661 20.170 19.830 19.720 19.584 19.568 19.848 19.595 19.556 19.478 19.545 19.604 20.018 19.548 
0.580 21.013 20.388 19.896 19.780 19.656 19.776 19.919 19.745 19.659 19.521 19.599 19.568 20.032 19.585 
0.614 21.160 20.394 20.023 19.874 19.785 19.811 20.041 19.791 19.774 19.627 19.625 19.562 19.753 19.650 
0.651 21.504 20.533 20.115 19.896 19.763 19.748 20.108 19.784 19.853 19.777 19.758 19.852 20.160 19.796 
0.689 21.829 20.738 20.292 20.058 19.840 19.996 20.295 19.915 19.848 19.791 19.777 19.790 20.045 19.807 
0.730 22.047 21.007 20.359 20.127 19.906 19.987 20.397 19.987 19.945 19.825 19.745 19.799 20.081 19.845 
0.773 22.551 21.171 20.493 20.218 20.086 20.160 20.527 20.136 20.000 19.821 19.714 19.794 19.986 19.836 
0.819 22.657 21.292 20.627 20.297 20.071 20.210 20.630 20.159 20.153 19.785 19.790 19.905 20.054 19.910 
0.868 22.805 21.338 20.704 20.420 20.241 20.256 20.704 20.293 20.148 19.876 19.843 19.880 20.134 19.934 
0.919 23.039 21.574 20.756 20.438 20.191 20.224 20.768 20.267 20.147 19.911 19.837 19.924 20.210 19.967 
0.974 23.447 21.680 20.899 20.467 20.330 20.349 20.862 20.373 20.186 19.968 19.890 19.872 20.078 19.984 
1.032 23.526 21.739 20.943 20.659 20.428 20.450 20.969 20.479 20.320 19.981 20.027 19.897 20.159 20.053 
1.093 24.080 21.979 21.094 20.684 20.505 20.696 21.085 20.601 20.390 20.023 20.112 20.102 20.291 20.156 
1.158 24.212 22.185 21.217 20.713 20.588 20.656 21.195 20.623 20.428 20.050 20.058 20.098 20.231 20.166 
1.226 24.819 22.313 21.254 20.811 20.617 20.774 21.256 20.687 20.523 20.114 20.129 20.178 20.316 20.238 
1.299 25.116 22.528 21.342 20.834 20.660 20.721 21.326 20.701 20.545 20.132 20.157 20.201 20.382 20.262 
1.376 25.588 22.746 21.487 20.930 20.703 20.820 21.475 20.756 20.600 20.157 20.236 20.339 20.502 20.330 
1.458 26.065 23.030 21.650 20.970 20.691 20.860 21.612 20.764 20.601 20.216 20.256 20.275 20.515 20.345 
1.544 26.433 23.195 21.717 21.050 20.824 20.818 21.695 20.846 20.637 20.281 20.350 20.325 20.426 20.403 
1.636 26.930 23.351 21.823 21.065 20.839 20.906 21.759 20.871 20.685 20.314 20.347 20.392 20.528 20.439 
1.733 27.069 23.719 22.029 21.202 20.987 20.923 21.927 21.003 20.711 20.353 20.406 20.435 20.517 20.484 
1.836 27.072 23.979 22.167 21.297 21.022 20.953 22.079 21.019 20.823 20.454 20.414 20.500 20.535 20.542 
1.944 28.088 24.252 22.370 21.440 21.136 20.978 22.269 21.115 20.826 20.452 20.401 20.429 20.610 20.531 
2.060 28.690 24.562 22.516 21.483 21.096 21.017 22.390 21.107 20.903 20.477 20.432 20.481 20.570 20.573 
2.182 28.724 24.941 22.679 21.642 21.202 21.080 22.562 21.215 20.969 20.514 20.441 20.513 20.607 20.601 
2.311 29.491 25.079 22.892 21.754 21.289 21.145 22.745 21.282 21.035 20.566 20.456 20.506 20.581 20.634 
2.448 29.194 25.351 23.099 21.914 21.376 21.215 22.919 21.400 21.098 20.628 20.446 20.487 20.621 20.658 
2.594 30.671 25.740 23.359 22.071 21.482 21.216 23.158 21.480 21.132 20.623 20.428 20.481 20.564 20.658 
2.747 31.539 26.028 23.573 22.225 21.595 21.295 23.347 21.588 21.233 20.729 20.467 20.497 20.563 20.716 
2.910 30.084 26.203 23.767 22.405 21.695 21.379 23.544 21.702 21.296 20.746 20.473 20.501 20.572 20.738 
3.083 31.008 26.512 24.081 22.630 21.897 21.492 23.815 21.877 21.381 20.806 20.490 20.520 20.584 20.777 
3.266 31.236 26.852 24.520 22.876 22.103 21.654 24.164 22.078 21.533 20.909 20.510 20.561 20.565 20.842 
3.459 34.719 27.376 24.753 23.214 22.327 21.809 24.413 22.320 21.650 20.994 20.563 20.598 20.619 20.907 
3.665 34.856 27.657 25.179 23.513 22.563 21.963 24.780 22.532 21.789 21.102 20.575 20.566 20.626 20.950 
3.882 38.297 28.104 25.680 23.765 22.772 22.153 25.159 22.747 21.923 21.229 20.631 20.616 20.676 21.031 
4.112 38.602 28.555 26.210 24.140 23.093 22.334 25.586 23.012 22.073 21.345 20.686 20.648 20.747 21.106 
4.356 36.190 29.810 26.683 24.547 23.457 22.588 26.015 23.361 22.279 21.479 20.749 20.703 20.773 21.196 
4.614 47.144 30.047 27.532 24.983 23.819 22.824 26.572 23.697 22.427 21.625 20.804 20.755 20.831 21.279 
4.888 42.168 31.364 28.474 25.611 24.348 23.194 27.278 24.194 22.682 21.808 20.878 20.830 20.899 21.386 
5.178 52.107 32.478 29.094 26.306 24.907 23.551 27.914 24.670 22.908 21.980 20.978 20.907 20.994 21.498 
5.485 nan 33.278 29.480 26.808 25.338 23.866 28.432 25.059 23.138 22.158 21.107 21.028 21.126 21.644 
5.810 57.949 33.299 30.304 27.449 25.969 24.240 28.988 25.529 23.419 22.339 21.242 21.141 21.243 21.787 
6.155 nan 35.253 31.225 28.284 26.608 24.665 29.940 26.066 23.721 22.554 21.400 21.298 21.409 21.966 
6.520 nan 36.475 31.292 28.474 26.990 24.966 30.121 26.378 24.021 22.783 21.588 21.458 21.604 22.159 
6.906 64.069 35.712 32.333 29.300 27.543 25.421 30.967 26.950 24.326 23.023 21.775 21.621 21.817 22.353 
7.316 74.663 37.015 32.655 29.923 27.977 25.877 31.766 27.503 24.628 23.256 22.003 21.806 21.978 22.565 
7.750 75.652 38.771 33.600 30.375 28.348 26.342 32.004 27.918 24.867 23.437 22.196 22.013 22.181 22.764 
8.210 80.497 38.537 33.551 30.818 28.352 26.578 32.262 28.240 25.135 23.665 22.465 22.260 22.379 23.021 
8.696 91.928 37.898 34.672 30.545 28.503 26.864 32.374 28.413 25.261 23.780 22.707 22.486 22.536 23.231 
9.212 92.743 36.180 32.597 30.346 28.230 26.896 31.997 28.203 25.330 23.881 22.976 22.712 22.727 23.446 
9.759 93.476 38.182 33.270 30.031 28.141 27.084 32.196 28.207 25.456 23.977 23.203 22.938 22.842 23.647 
10.337 93.359 38.060 33.323 29.644 27.895 26.826 32.203 27.850 25.413 24.012 23.427 23.153 22.929 23.815 
10.950 nan 39.553 33.632 29.458 28.090 27.055 32.104 27.961 25.577 24.116 23.551 23.327 23.043 23.951 
11.600 97.799 40.732 34.283 30.290 28.483 27.267 33.234 28.327 25.780 24.264 23.718 23.461 23.208 24.116 
12.288 100.632 37.883 33.905 30.491 28.715 27.377 32.979 28.536 25.980 24.365 23.841 23.599 23.266 24.246 
13.016 91.343 45.493 35.757 31.406 29.196 27.742 35.151 28.948 26.219 24.490 23.935 23.736 23.347 24.375 
13.788 102.387 58.022 41.343 31.167 29.489 28.074 36.289 29.217 26.556 24.612 24.051 23.822 23.439 24.495 
14.606 nan 79.944 35.885 32.782 30.243 28.448 34.522 29.833 26.948 24.800 24.185 24.013 23.602 24.674 
15.472 nan 81.188 40.858 33.168 30.782 29.019 36.202 30.382 27.267 24.992 24.342 24.148 23.711 24.838 
16.390 105.885 nan 43.307 32.272 30.973 29.222 37.618 30.580 27.615 25.214 24.563 24.369 23.935 25.060 
17.362 106.989 nan 45.986 35.360 31.200 29.523 37.622 30.829 28.101 25.515 24.906 24.698 24.253 25.391 
18.392 nan nan nan nan 31.543 29.959 76.172 31.360 28.726 25.828 25.283 25.144 24.707 25.799 
19.482 nan nan 81.309 36.852 32.478 31.054 58.052 32.466 29.908 26.776 26.217 26.043 25.593 26.730 
20.638 nan nan nan nan 36.175 32.578 82.956 34.592 31.614 28.517 27.983 27.745 27.064 28.464 
21.862 112.612 89.071 nan 77.870 75.284 nan 83.274 nan nan 32.615 30.658 29.061 27.983 30.449 
23.158 116.150 90.479 87.090 nan nan nan nan nan 73.494 33.506 31.520 29.950 28.533 31.411 
24.532 114.683 92.330 nan nan 78.523 77.144 nan 77.290 75.815 36.469 32.282 30.715 28.691 32.095 
25.987 116.759 93.392 nan nan 78.075 nan nan 78.901 nan nan 32.784 30.314 29.412 31.801 
27.528 116.947 95.677 nan nan 78.739 nan nan 80.452 80.585 nan 32.968 31.054 29.574 32.502 
29.160 118.007 nan nan 83.991 79.824 79.344 90.799 80.061 76.874 76.005 45.766 31.959 30.580 33.536 
30.890 inf inf inf inf inf inf inf inf inf inf inf inf inf inf 
