# t[days] lsstu lsstg lsstr lssti lsstz lssty f062 f087 f106 f129 f158 f184 f213 f146 
0.103 20.243 21.148 21.356 20.376 22.485 23.631 21.212 21.136 25.221 25.540 27.357 35.952 40.524 25.879 
0.109 17.803 18.597 19.278 19.335 18.854 27.420 19.482 19.043 26.033 19.633 23.319 36.409 38.629 20.845 
0.116 18.785 18.367 17.817 19.543 17.773 20.790 18.128 18.595 18.878 23.393 24.552 23.472 32.696 20.110 
0.122 17.446 17.368 18.614 17.282 17.097 19.185 17.758 17.766 20.060 20.364 21.195 23.637 24.291 20.566 
0.130 17.305 18.069 18.021 18.189 18.975 19.156 18.348 18.407 19.629 21.497 18.676 18.112 19.569 19.330 
0.137 17.383 18.219 18.141 19.781 18.095 18.303 18.246 18.180 18.506 17.546 19.557 18.127 20.750 18.261 
0.145 17.485 17.872 18.060 17.558 19.592 17.299 17.955 17.811 18.294 21.206 22.764 23.024 21.060 19.458 
0.154 17.480 17.383 17.612 17.757 19.010 19.645 17.653 18.604 19.340 17.216 19.382 19.532 21.115 18.234 
0.163 16.993 17.319 16.833 18.953 19.059 19.610 17.149 19.333 18.538 18.919 19.259 25.159 22.716 19.211 
0.173 17.326 17.442 18.067 18.729 19.649 20.517 17.942 19.677 20.286 17.740 18.501 20.423 21.914 18.818 
0.183 17.278 17.726 17.950 18.865 19.501 19.384 18.168 19.216 18.311 18.496 19.368 20.534 23.406 18.835 
0.194 17.796 18.062 17.437 18.272 18.046 18.884 17.665 18.391 19.069 19.973 19.360 19.410 19.306 19.382 
0.206 17.370 18.089 18.587 18.041 18.203 19.598 18.536 18.134 19.104 19.610 20.513 20.312 19.239 19.893 
0.218 17.427 17.444 18.244 18.618 18.745 18.041 18.156 18.651 18.359 19.727 20.826 18.471 21.538 18.873 
0.231 17.572 17.750 17.983 17.646 17.943 18.078 17.915 17.819 18.195 19.986 19.615 17.948 18.977 18.564 
0.244 18.084 18.274 18.530 18.323 18.395 17.588 18.373 18.243 17.891 19.207 19.482 18.211 19.466 18.443 
0.259 17.536 17.861 18.020 17.996 18.904 18.602 18.025 18.601 18.243 18.684 19.599 19.729 19.696 18.958 
0.274 17.749 17.815 18.180 18.520 18.555 17.901 18.199 18.433 18.239 19.533 20.312 20.362 19.977 19.094 
0.290 17.858 17.886 18.206 18.245 18.118 18.973 18.301 18.252 18.921 19.176 19.657 21.479 20.844 19.353 
0.308 17.730 18.099 18.405 18.059 18.483 18.855 18.108 18.754 19.127 19.400 19.805 20.964 19.175 19.525 
0.326 18.038 18.077 18.419 18.202 19.323 19.519 18.236 19.008 19.570 19.742 20.005 20.690 20.602 19.904 
0.345 18.151 18.231 18.622 18.677 19.432 19.463 18.640 19.037 19.357 19.218 19.208 20.220 20.541 19.360 
0.366 18.153 18.398 19.025 18.764 19.054 19.960 18.990 19.008 19.802 19.710 19.720 19.420 18.822 19.595 
0.387 18.154 18.421 18.350 18.631 18.522 19.199 18.479 18.689 19.610 19.423 19.642 19.665 20.272 19.586 
0.410 18.357 18.522 18.948 18.773 18.562 18.708 18.758 18.717 19.122 19.488 19.418 19.584 20.056 19.418 
0.435 18.292 18.372 18.723 18.415 18.901 19.196 18.646 18.715 19.202 19.281 19.001 19.429 20.578 19.164 
0.461 18.481 18.522 18.872 19.078 19.425 19.245 18.812 19.436 19.098 19.410 19.606 19.354 19.740 19.342 
0.488 18.323 18.457 18.939 18.878 19.174 19.086 18.740 19.124 19.287 19.173 19.355 19.210 19.735 19.215 
0.517 18.516 18.382 18.692 18.889 19.058 19.171 18.652 19.036 19.170 19.072 19.714 19.801 19.810 19.357 
0.547 18.466 18.630 18.694 18.646 19.018 19.137 18.709 18.907 19.285 19.201 19.353 19.762 19.443 19.373 
0.580 18.751 18.799 18.866 18.859 19.135 18.955 18.828 19.118 18.936 19.188 19.305 19.318 19.636 19.157 
0.614 18.681 18.650 18.805 19.170 18.990 19.173 18.853 19.118 18.909 19.149 19.372 19.219 19.829 19.117 
0.651 18.833 18.724 18.844 19.030 18.676 19.372 18.869 18.898 19.206 19.138 19.430 19.489 19.505 19.303 
0.689 18.855 18.726 18.946 18.705 19.027 19.110 18.851 18.931 19.137 19.094 19.228 19.196 19.425 19.202 
0.730 18.927 18.728 18.844 18.747 18.818 18.966 18.766 18.857 18.998 19.136 19.155 19.054 19.077 19.071 
0.773 18.998 18.839 18.839 18.722 18.616 18.901 18.777 18.742 19.002 19.212 19.151 19.244 19.214 19.102 
0.819 19.186 18.797 18.745 18.752 18.782 18.971 18.753 18.814 18.971 18.772 18.942 18.784 19.009 18.889 
0.868 19.160 18.872 18.943 18.905 18.967 19.114 18.887 19.009 19.176 18.989 19.258 19.206 19.059 19.148 
0.919 19.301 18.981 18.973 18.947 18.923 18.965 18.940 18.965 19.043 19.057 19.104 19.338 19.308 19.120 
0.974 19.470 19.022 18.955 18.839 18.889 19.024 18.927 18.906 18.949 19.035 19.191 19.401 19.025 19.104 
1.032 19.575 19.185 19.093 18.929 19.032 19.039 19.059 19.011 19.085 19.054 19.000 19.114 19.181 19.069 
1.093 19.814 19.236 19.102 18.993 19.004 19.008 19.087 19.002 19.053 19.083 19.134 19.161 19.230 19.098 
1.158 20.078 19.450 19.232 18.896 18.966 19.198 19.165 19.021 19.144 18.946 19.006 19.147 19.154 19.062 
1.226 20.316 19.505 19.279 19.092 18.886 19.002 19.266 18.986 19.040 18.964 18.989 19.089 19.335 19.012 
1.299 20.573 19.660 19.256 19.009 18.949 19.068 19.240 19.019 18.989 18.815 19.025 18.983 19.146 18.938 
1.376 20.574 19.747 19.190 18.997 19.003 19.124 19.212 19.025 19.031 19.002 19.140 19.154 19.280 19.083 
1.458 20.819 19.832 19.401 19.079 19.074 18.989 19.374 19.038 18.991 18.890 19.032 19.027 19.214 18.992 
1.544 21.226 20.035 19.517 19.158 19.068 19.056 19.475 19.117 18.988 18.864 19.007 19.105 19.105 18.980 
1.636 21.541 20.096 19.504 19.230 19.111 18.997 19.473 19.123 18.927 18.901 18.983 18.934 19.067 18.948 
1.733 21.907 20.347 19.632 19.232 19.092 19.122 19.611 19.133 19.071 18.948 19.024 18.860 19.117 18.987 
1.836 22.172 20.567 19.738 19.319 19.293 19.179 19.710 19.272 19.071 18.916 18.929 18.937 19.185 18.969 
1.944 22.568 20.749 19.855 19.482 19.258 19.178 19.872 19.291 19.103 18.968 18.978 18.899 19.140 19.003 
2.060 22.512 21.008 20.037 19.544 19.381 19.205 20.028 19.359 19.129 18.928 19.065 19.003 19.165 19.028 
2.182 23.012 21.140 20.259 19.645 19.499 19.279 20.202 19.455 19.247 19.077 19.099 19.111 19.077 19.129 
2.311 23.524 21.318 20.335 19.721 19.562 19.357 20.283 19.510 19.284 19.027 19.156 19.138 19.158 19.154 
2.448 23.612 21.449 20.457 19.938 19.700 19.444 20.431 19.693 19.339 19.054 19.184 19.078 19.148 19.170 
2.594 24.191 21.625 20.603 20.035 19.785 19.479 20.568 19.757 19.428 19.143 19.186 19.093 19.283 19.216 
2.747 24.518 21.810 20.686 20.072 19.866 19.518 20.635 19.811 19.444 19.169 19.246 19.198 19.221 19.262 
2.910 24.676 22.105 20.848 20.172 19.931 19.514 20.818 19.838 19.487 19.178 19.237 19.161 19.224 19.265 
3.083 24.853 22.132 21.019 20.330 19.965 19.550 20.962 19.908 19.522 19.217 19.275 19.170 19.188 19.290 
3.266 25.336 22.367 21.050 20.355 20.072 19.555 21.026 19.964 19.569 19.249 19.235 19.164 19.248 19.306 
3.459 25.934 22.519 21.203 20.474 20.175 19.652 21.173 20.057 19.633 19.259 19.261 19.173 19.176 19.331 
3.665 26.413 22.948 21.337 20.622 20.289 19.719 21.316 20.166 19.721 19.313 19.262 19.227 19.231 19.371 
3.882 27.222 23.451 21.679 20.826 20.384 19.802 21.639 20.265 19.820 19.313 19.240 19.196 19.212 19.388 
4.112 26.805 23.904 21.974 21.040 20.540 19.848 21.891 20.403 19.854 19.396 19.260 19.252 19.219 19.426 
4.356 28.143 24.093 22.232 21.238 20.702 19.908 22.120 20.534 19.931 19.422 19.238 19.303 19.232 19.454 
4.614 28.236 24.307 22.485 21.478 20.860 19.960 22.314 20.663 20.035 19.458 19.261 19.295 19.266 19.484 
4.888 28.368 24.780 22.697 21.615 20.984 20.087 22.465 20.802 20.162 19.501 19.244 19.299 19.250 19.517 
5.178 31.476 24.887 22.971 21.809 21.150 20.197 22.688 20.968 20.230 19.558 19.249 19.316 19.251 19.545 
5.485 30.103 24.906 23.204 21.894 21.268 20.242 22.804 21.035 20.329 19.612 19.279 19.317 19.261 19.580 
5.810 31.100 25.520 23.475 22.120 21.424 20.325 23.072 21.163 20.410 19.692 19.289 19.319 19.257 19.620 
6.155 31.399 25.688 23.613 22.238 21.674 20.479 23.151 21.389 20.554 19.712 19.286 19.336 19.267 19.647 
6.520 31.185 25.839 23.775 22.384 21.790 20.590 23.343 21.497 20.655 19.806 19.296 19.325 19.305 19.688 
6.906 30.483 26.074 24.130 22.562 21.958 20.669 23.541 21.630 20.727 19.870 19.326 19.341 19.291 19.726 
7.316 33.309 26.344 24.449 22.780 22.093 20.849 23.761 21.819 20.854 19.922 19.343 19.348 19.340 19.764 
7.750 36.816 26.822 24.782 23.116 22.203 20.914 24.109 21.925 20.944 20.009 19.368 19.386 19.342 19.814 
8.210 nan 27.593 25.368 23.374 22.402 21.189 24.487 22.186 21.097 20.122 19.383 19.350 19.378 19.852 
8.696 47.916 28.615 25.801 23.878 22.710 21.390 25.055 22.439 21.318 20.246 19.416 19.363 19.405 19.913 
9.212 46.487 28.678 26.523 24.304 22.991 21.612 25.509 22.742 21.458 20.368 19.467 19.393 19.453 19.979 
9.759 53.842 29.027 27.171 24.958 23.311 21.911 26.292 23.051 21.652 20.520 19.552 19.452 19.511 20.075 
10.337 51.394 30.637 27.787 25.319 23.602 22.273 26.619 23.382 21.920 20.651 19.602 19.468 19.576 20.144 
10.950 nan 31.008 27.632 25.644 23.885 22.502 26.908 23.666 22.101 20.787 19.667 19.516 19.683 20.220 
11.600 nan 34.591 28.707 26.136 24.241 22.772 27.728 23.976 22.291 20.968 19.755 19.582 19.738 20.315 
12.288 63.456 33.344 29.799 26.603 24.711 23.088 28.257 24.332 22.506 21.065 19.852 19.689 19.835 20.419 
13.016 64.029 33.738 30.159 26.772 25.118 23.348 28.182 24.727 22.735 21.263 19.979 19.770 19.918 20.544 
13.788 80.442 36.876 30.104 27.596 25.401 23.591 29.112 24.974 22.947 21.385 20.096 19.886 20.044 20.664 
14.606 nan 36.075 32.223 28.392 25.979 23.996 29.743 25.407 23.263 21.515 20.206 19.999 20.238 20.786 
15.472 89.188 nan 32.236 29.105 26.367 24.474 30.928 25.898 23.555 21.737 20.389 20.157 20.394 20.969 
16.390 89.379 42.513 32.151 29.219 26.766 24.981 30.772 26.315 23.954 21.900 20.547 20.317 20.530 21.132 
17.362 92.985 42.106 33.331 29.520 27.023 25.489 31.716 26.841 24.201 22.066 20.734 20.475 20.701 21.308 
18.392 nan 54.763 39.749 29.954 27.481 25.638 34.291 27.005 24.433 22.268 20.905 20.670 20.867 21.496 
19.482 nan 53.930 33.604 32.859 28.195 26.009 34.170 27.598 24.690 22.463 21.145 20.859 21.027 21.705 
20.638 nan 57.483 38.602 34.294 28.493 26.555 35.714 28.132 24.838 22.715 21.459 21.150 21.217 21.998 
21.862 96.426 54.232 35.980 31.483 28.599 26.758 34.788 28.359 24.891 22.876 21.695 21.378 21.383 22.216 
23.158 98.082 39.524 33.719 29.961 28.179 26.563 33.074 27.929 24.671 22.879 21.908 21.538 21.533 22.370 
24.532 101.619 43.075 32.664 29.268 27.555 26.366 32.055 27.479 24.678 22.995 22.195 21.848 21.743 22.627 
25.987 100.041 52.596 34.824 30.306 28.094 26.813 32.739 27.973 24.854 23.196 22.482 22.126 21.834 22.886 
27.528 101.267 nan 36.703 30.215 28.635 27.109 33.822 28.356 25.183 23.351 22.624 22.280 21.948 23.044 
29.160 nan 83.654 40.878 31.465 29.174 27.691 34.885 28.842 25.557 23.579 22.810 22.445 22.077 23.247 
30.890 inf inf inf inf inf inf inf inf inf inf inf inf inf inf 
