# t[days] lsstu lsstg lsstr lssti lsstz lssty f062 f087 f106 f129 f158 f184 f213 f146 
0.103 24.157 24.485 25.476 26.772 25.190 25.174 25.417 25.325 26.244 25.832 27.549 27.206 27.277 26.380 
0.109 21.538 21.609 22.816 22.304 21.915 23.136 22.196 22.222 23.339 25.054 24.136 21.478 29.106 22.756 
0.116 21.561 21.499 22.290 21.817 23.208 22.859 22.185 22.289 22.490 22.814 24.697 26.880 28.896 23.436 
0.122 21.292 21.519 21.386 21.483 21.297 24.304 21.364 21.762 22.580 22.559 24.346 25.118 28.494 23.256 
0.130 21.481 21.757 21.714 21.634 22.416 24.142 21.599 22.606 22.995 23.208 24.373 25.444 28.920 23.570 
0.137 21.506 21.405 22.153 22.410 22.545 21.150 22.017 22.008 21.945 22.789 24.188 25.389 25.244 22.752 
0.145 21.876 21.635 21.974 21.913 21.864 23.352 21.936 22.088 22.746 22.642 23.456 23.938 22.746 23.032 
0.154 21.698 21.745 22.131 21.732 21.789 21.938 21.913 21.949 22.234 22.394 23.170 24.492 25.633 22.692 
0.163 21.452 21.788 21.925 22.225 21.753 22.363 21.910 21.978 22.874 22.263 22.860 23.656 23.904 22.752 
0.173 21.907 21.752 21.908 22.275 22.500 22.787 21.962 22.429 23.103 22.157 22.887 23.887 25.007 22.826 
0.183 21.754 21.860 22.029 22.102 21.860 21.924 22.077 21.872 22.653 22.827 22.219 23.572 23.410 22.621 
0.194 21.703 22.077 21.918 22.184 21.987 22.380 22.064 22.032 22.393 22.705 22.920 21.761 23.999 22.338 
0.206 22.001 21.975 21.845 22.213 21.680 22.833 21.962 21.972 22.872 22.557 23.075 24.577 23.722 22.943 
0.218 21.826 22.180 22.526 22.697 22.261 22.691 22.522 22.427 22.493 22.682 22.442 22.600 23.610 22.619 
0.231 21.956 22.013 22.168 22.156 22.580 23.072 22.110 22.618 22.936 23.104 23.075 24.397 23.546 23.189 
0.244 22.081 22.330 22.303 22.263 23.260 22.908 22.329 22.774 23.060 22.372 23.130 23.046 23.979 22.763 
0.259 22.069 22.312 22.290 22.840 22.626 22.837 22.410 22.728 22.832 22.958 22.291 22.512 24.231 22.736 
0.274 21.997 22.397 22.553 22.463 22.985 22.770 22.590 22.640 23.028 23.290 23.278 23.529 23.150 23.201 
0.290 22.202 22.433 22.550 22.591 22.536 22.769 22.546 22.695 23.039 23.052 23.145 22.698 22.480 22.993 
0.308 22.264 22.655 22.683 22.797 22.728 22.881 22.751 22.724 23.181 23.360 23.502 23.098 22.996 23.271 
0.326 22.464 22.526 22.512 22.603 22.572 22.500 22.494 22.686 22.583 23.317 23.437 23.309 23.059 23.065 
0.345 22.471 22.643 22.697 22.765 22.742 22.836 22.651 22.824 22.960 23.136 23.620 23.121 23.469 23.167 
0.366 22.507 22.430 22.599 22.755 22.635 22.620 22.604 22.683 22.843 23.316 23.573 23.716 23.444 23.242 
0.387 22.684 22.684 22.760 22.720 23.055 22.426 22.717 22.784 22.291 22.884 23.238 23.789 23.694 22.896 
0.410 22.623 22.771 22.950 22.824 22.745 22.881 22.866 22.850 22.709 22.949 23.478 23.425 22.849 23.064 
0.435 22.731 22.677 22.726 22.695 22.876 22.801 22.733 22.749 22.799 23.025 23.247 23.529 23.528 23.098 
0.461 22.896 22.761 22.667 22.466 22.814 22.772 22.606 22.698 23.024 22.987 23.225 23.135 23.490 23.064 
0.488 23.007 22.963 22.712 22.784 22.937 22.574 22.782 22.777 22.890 23.051 23.337 23.262 23.216 23.084 
0.517 23.070 22.945 22.812 22.705 22.857 23.005 22.774 22.900 23.032 23.073 23.325 23.083 23.239 23.112 
0.547 23.100 23.002 22.941 22.860 22.871 22.922 22.907 22.883 22.997 22.998 23.120 23.281 23.521 23.086 
0.580 23.118 22.938 22.963 22.789 22.956 22.893 22.917 22.888 22.941 22.991 23.124 23.563 23.670 23.116 
0.614 23.299 23.116 22.921 22.800 22.990 22.809 22.914 22.911 22.883 23.010 23.215 23.038 23.275 23.025 
0.651 23.317 23.117 22.874 22.837 22.909 22.974 22.889 22.957 23.063 23.078 23.315 23.218 23.341 23.161 
0.689 23.461 23.057 22.879 22.866 22.952 22.911 22.888 22.906 22.986 22.962 23.168 23.183 23.285 23.071 
0.730 23.481 23.119 22.939 22.721 22.867 22.639 22.896 22.742 22.781 22.868 23.171 23.233 23.331 22.967 
0.773 23.658 23.140 22.964 22.839 22.859 22.887 22.939 22.873 22.897 22.992 23.044 23.018 23.303 22.982 
0.819 23.768 23.250 22.937 22.810 22.882 22.866 22.963 22.841 22.918 23.028 23.051 23.110 23.364 23.012 
0.868 24.020 23.338 22.973 22.820 22.929 22.880 22.964 22.925 22.949 22.939 23.032 23.116 23.235 23.006 
0.919 24.143 23.459 23.083 22.875 22.858 22.928 23.093 22.851 22.932 22.838 22.996 23.087 23.375 22.957 
0.974 24.357 23.561 23.086 22.907 22.876 22.783 23.118 22.810 22.856 22.909 23.063 23.122 23.267 22.976 
1.032 24.577 23.626 23.228 23.027 22.909 22.763 23.242 22.884 22.801 22.946 23.020 23.098 23.310 22.959 
1.093 24.665 23.741 23.270 23.007 22.890 22.815 23.290 22.867 22.872 22.840 22.974 23.093 23.297 22.922 
1.158 24.936 23.855 23.362 23.032 22.963 22.844 23.355 22.927 22.886 22.827 22.934 22.975 23.229 22.905 
1.226 25.080 23.947 23.462 23.181 23.033 22.931 23.451 23.039 22.940 22.917 23.069 23.087 23.227 23.002 
1.299 25.377 24.077 23.502 23.186 23.063 22.920 23.500 23.033 22.886 22.817 22.981 23.088 23.186 22.935 
1.376 25.631 24.198 23.564 23.230 23.066 22.897 23.583 23.027 22.877 22.839 22.927 23.076 23.148 22.920 
1.458 25.759 24.205 23.585 23.217 23.110 22.886 23.595 23.037 22.836 22.819 22.933 23.072 23.118 22.912 
1.544 26.209 24.323 23.589 23.271 23.067 22.866 23.620 23.023 22.812 22.731 22.879 23.043 23.069 22.854 
1.636 26.341 24.464 23.657 23.233 23.057 22.886 23.664 23.025 22.836 22.783 22.881 23.015 23.045 22.869 
1.733 26.868 24.583 23.716 23.334 23.079 22.893 23.740 23.066 22.850 22.831 22.908 23.027 23.095 22.893 
1.836 27.365 24.779 23.734 23.365 23.053 22.935 23.792 23.060 22.844 22.811 22.917 23.005 23.027 22.889 
1.944 27.675 24.905 23.844 23.428 23.113 22.931 23.864 23.116 22.843 22.811 22.886 23.017 23.058 22.882 
2.060 28.064 25.139 23.995 23.500 23.156 23.008 24.011 23.183 22.892 22.817 22.883 23.041 23.002 22.901 
2.182 28.468 25.380 24.107 23.602 23.201 22.985 24.141 23.211 22.899 22.865 22.942 23.102 23.004 22.939 
2.311 28.966 25.574 24.285 23.733 23.281 23.050 24.292 23.298 22.948 22.876 22.939 23.110 22.984 22.956 
2.448 29.508 25.848 24.396 23.826 23.372 23.113 24.408 23.388 23.000 22.912 22.936 23.094 22.954 22.977 
2.594 30.475 26.227 24.626 23.970 23.382 23.160 24.620 23.433 23.013 22.933 22.904 23.125 22.969 22.981 
2.747 30.233 26.627 24.875 24.105 23.507 23.230 24.825 23.550 23.076 22.964 22.923 23.133 22.959 23.009 
2.910 31.284 26.848 25.093 24.259 23.578 23.309 24.991 23.658 23.112 22.985 22.921 23.140 22.978 23.031 
3.083 31.939 27.205 25.389 24.451 23.749 23.417 25.241 23.804 23.225 23.039 22.926 23.160 22.995 23.082 
3.266 32.134 27.462 25.726 24.578 23.895 23.559 25.471 23.952 23.347 23.140 22.953 23.153 22.972 23.142 
3.459 32.835 27.793 26.002 24.717 24.063 23.712 25.644 24.119 23.481 23.231 22.973 23.126 22.981 23.197 
3.665 33.321 28.116 26.313 24.939 24.243 23.799 25.902 24.286 23.577 23.332 23.026 23.161 22.991 23.266 
3.882 34.529 28.402 26.629 25.141 24.409 24.004 26.164 24.450 23.749 23.452 23.091 23.174 23.040 23.359 
4.112 35.880 28.773 27.036 25.390 24.648 24.190 26.495 24.676 23.878 23.555 23.138 23.206 23.067 23.430 
4.356 36.074 29.350 27.365 25.646 24.904 24.363 26.804 24.888 24.043 23.688 23.189 23.185 23.081 23.500 
4.614 39.788 29.734 27.872 25.932 25.120 24.493 27.188 25.070 24.165 23.793 23.237 23.220 23.113 23.571 
4.888 42.506 30.326 28.192 26.317 25.445 24.759 27.577 25.373 24.378 23.981 23.311 23.203 23.127 23.661 
5.178 45.187 31.084 28.877 26.794 25.805 25.040 28.181 25.716 24.610 24.139 23.376 23.241 23.182 23.759 
5.485 50.916 31.736 29.373 27.227 26.266 25.322 28.677 26.090 24.815 24.311 23.487 23.293 23.217 23.872 
5.810 nan 32.905 30.115 27.682 26.643 25.668 29.259 26.477 25.051 24.475 23.568 23.344 23.272 23.974 
6.155 45.053 33.239 30.653 28.119 27.065 25.961 29.816 26.837 25.273 24.641 23.702 23.410 23.367 24.102 
6.520 59.650 33.271 31.352 28.740 27.477 26.244 30.467 27.212 25.521 24.841 23.811 23.503 23.437 24.226 
6.906 61.852 34.198 31.788 29.224 27.947 26.541 30.944 27.618 25.749 25.042 23.968 23.630 23.553 24.382 
7.316 72.836 33.865 32.975 29.582 28.453 26.897 31.528 28.019 26.036 25.179 24.061 23.750 23.659 24.503 
7.750 80.525 34.714 32.956 29.992 28.910 27.150 31.638 28.386 26.272 25.313 24.208 23.888 23.773 24.654 
8.210 81.728 34.998 33.444 30.443 29.378 27.366 32.379 28.693 26.483 25.501 24.359 24.034 23.910 24.807 
8.696 90.874 37.954 34.241 30.831 29.567 27.702 32.944 29.014 26.775 25.632 24.542 24.249 24.072 25.004 
9.212 81.764 38.064 34.877 31.250 29.992 28.041 33.946 29.344 27.098 25.805 24.732 24.445 24.268 25.198 
9.759 93.274 40.056 37.498 32.175 30.355 28.269 35.023 29.691 27.391 26.001 24.844 24.650 24.487 25.366 
10.337 93.863 nan 36.120 32.705 31.081 28.738 34.893 30.227 27.843 26.197 25.023 24.839 24.647 25.556 
10.950 97.365 57.022 38.312 33.737 31.369 29.190 36.258 30.694 28.205 26.451 25.211 24.987 24.874 25.745 
11.600 nan 65.617 42.249 33.636 31.887 29.624 36.275 31.150 28.508 26.719 25.435 25.206 25.122 25.978 
12.288 nan nan 45.237 34.757 32.434 30.065 38.166 31.423 29.112 26.991 25.716 25.453 25.425 26.245 
13.016 100.484 86.820 44.429 34.124 32.322 30.649 39.727 31.809 29.659 27.337 26.029 25.685 25.795 26.530 
13.788 101.016 79.796 39.286 34.923 33.787 31.501 39.855 32.722 30.069 27.793 26.344 25.933 26.095 26.836 
14.606 102.138 nan nan 36.979 35.169 32.574 38.134 34.507 30.608 28.345 26.788 26.388 26.521 27.290 
15.472 103.385 nan nan 38.384 34.754 32.828 44.047 34.147 31.260 28.819 27.148 26.803 26.935 27.688 
16.390 104.947 88.607 84.311 40.465 35.656 33.367 57.275 34.718 31.717 29.228 27.526 27.278 27.287 28.107 
17.362 nan 90.757 nan 40.575 36.651 33.331 48.445 35.355 31.920 29.454 27.906 27.898 27.618 28.541 
18.392 nan 92.163 nan 38.909 35.791 33.932 46.778 35.582 32.275 29.838 28.302 28.748 28.082 29.089 
19.482 nan 93.424 nan 58.995 35.322 34.759 75.930 35.925 32.936 30.842 29.173 29.524 28.712 29.928 
20.638 nan 98.730 nan 85.323 nan 35.946 84.548 39.499 34.087 31.963 30.168 30.694 29.859 30.967 
21.862 112.314 nan 87.924 nan 76.529 62.883 nan 77.382 35.895 34.675 32.738 32.407 31.423 33.182 
23.158 113.543 nan 89.246 nan nan 78.220 nan nan 78.765 35.209 33.984 34.017 32.397 34.614 
24.532 115.823 nan 90.694 nan 79.866 nan nan 81.166 nan nan 35.891 33.574 32.698 34.982 
25.987 117.042 nan 92.664 nan 79.937 80.822 nan 80.665 nan nan 64.973 35.266 33.115 36.843 
27.528 nan nan nan nan 84.346 80.271 nan 84.324 79.230 nan nan 43.736 33.585 45.174 
29.160 117.720 nan nan nan nan nan nan nan 81.219 78.586 41.978 35.706 34.763 37.283 
30.890 inf inf inf inf inf inf inf inf inf inf inf inf inf inf 
