# t[days] lsstu lsstg lsstr lssti lsstz lssty f062 f087 f106 f129 f158 f184 f213 f146 
0.103 23.897 24.198 27.145 24.491 23.617 25.869 24.890 24.354 26.814 30.868 36.580 34.587 43.457 28.038 
0.109 21.064 21.421 21.928 21.615 22.371 22.437 21.588 22.442 23.443 23.240 22.964 31.378 40.817 23.638 
0.116 21.578 21.326 21.950 23.443 22.354 22.673 21.904 22.640 21.751 21.944 30.364 27.559 28.791 22.941 
0.122 20.241 20.756 20.885 20.572 21.293 20.816 21.180 20.535 21.827 23.453 24.461 24.558 26.362 22.761 
0.130 20.387 21.197 21.391 22.736 21.214 21.925 21.645 21.547 22.284 24.098 25.522 21.683 23.472 22.579 
0.137 20.224 21.636 20.972 23.348 22.693 20.569 21.354 22.276 21.007 21.728 22.648 23.300 21.580 21.612 
0.145 20.907 21.266 21.300 20.632 22.717 22.342 21.185 21.494 22.278 21.987 25.186 25.634 24.884 22.594 
0.154 20.208 20.389 20.742 21.480 20.954 22.699 20.918 21.168 22.315 20.828 20.909 21.941 25.387 21.378 
0.163 20.358 20.716 20.045 20.329 22.284 22.995 20.136 22.022 22.457 22.105 22.640 26.095 24.687 22.704 
0.173 20.371 20.527 21.535 21.345 22.217 23.125 21.152 22.310 22.293 21.950 20.910 24.362 24.032 21.623 
0.183 20.604 20.998 21.062 22.145 22.252 23.068 21.239 22.477 22.051 22.257 23.345 23.570 24.648 22.804 
0.194 20.995 21.245 20.813 21.466 21.404 21.143 20.986 21.260 21.642 23.051 22.698 23.154 24.652 22.366 
0.206 20.821 20.847 21.469 22.123 21.166 21.638 21.446 21.533 22.142 22.847 24.781 23.828 22.356 22.879 
0.218 20.572 20.602 21.391 21.407 21.229 22.004 21.118 21.391 21.592 22.939 24.059 24.232 23.892 22.494 
0.231 21.039 21.085 21.115 21.408 21.017 21.181 21.239 20.998 21.325 22.575 22.935 22.540 21.733 22.068 
0.244 20.971 21.191 21.468 21.347 21.340 21.817 21.391 21.443 21.802 22.319 22.558 22.775 20.793 22.246 
0.259 20.873 21.047 21.160 21.586 21.352 21.917 21.233 21.587 21.458 21.929 22.653 23.097 22.371 22.003 
0.274 20.822 21.190 21.438 21.692 21.639 21.895 21.506 21.754 21.383 22.394 22.779 23.784 23.143 22.149 
0.290 20.954 21.073 21.429 21.830 21.190 21.806 21.378 21.535 21.996 22.068 22.634 23.713 24.948 22.397 
0.308 21.055 21.191 21.505 21.199 21.780 22.520 21.496 21.530 22.314 22.845 22.926 23.516 24.558 22.817 
0.326 21.124 21.325 21.659 21.618 21.854 22.577 21.663 21.811 22.807 22.927 22.774 23.530 23.499 22.927 
0.345 21.170 21.378 21.628 22.216 22.054 22.804 21.682 22.256 22.957 22.348 22.460 23.143 23.764 22.610 
0.366 21.449 21.409 22.005 22.143 22.014 22.583 21.952 22.092 22.666 22.805 22.873 22.976 21.961 22.878 
0.387 21.259 21.579 21.986 21.401 22.034 21.657 21.632 21.867 22.194 22.681 23.115 23.301 23.244 22.640 
0.410 21.488 21.548 21.928 21.905 21.810 21.951 21.880 21.774 22.092 22.751 22.965 22.317 23.417 22.446 
0.435 21.489 21.572 21.723 22.091 21.991 22.673 21.826 22.138 22.486 22.410 22.243 22.016 23.151 22.326 
0.461 21.607 21.667 21.849 22.148 22.514 22.704 21.895 22.437 22.406 22.440 22.779 22.870 22.499 22.589 
0.488 21.611 21.635 21.895 22.034 22.413 22.262 21.891 22.238 22.462 22.784 22.378 22.584 22.771 22.529 
0.517 21.695 21.614 21.977 22.011 22.148 22.059 21.912 22.074 22.200 22.147 22.816 23.089 23.226 22.454 
0.547 21.845 21.772 21.865 21.902 22.054 22.508 21.818 22.168 22.455 22.601 22.789 22.605 22.575 22.581 
0.580 21.904 21.869 22.198 21.995 22.360 22.347 22.045 22.310 22.113 22.293 22.536 22.306 22.644 22.333 
0.614 21.865 21.823 21.919 22.215 22.414 22.350 21.940 22.423 22.244 22.363 22.529 22.383 22.628 22.412 
0.651 22.034 21.921 21.966 22.148 22.101 21.799 22.008 21.980 22.197 22.374 22.674 22.577 22.870 22.438 
0.689 21.989 21.914 22.050 21.996 21.993 22.165 22.033 21.987 22.318 22.354 22.405 22.587 22.654 22.397 
0.730 22.055 21.989 21.938 21.895 22.138 22.219 21.965 22.017 22.181 22.319 22.506 22.497 22.351 22.372 
0.773 22.198 22.001 22.034 21.982 22.034 21.902 22.020 21.922 22.079 22.234 22.268 22.409 22.498 22.244 
0.819 22.303 22.059 21.973 21.977 21.956 22.175 21.967 22.029 22.235 22.139 22.398 22.105 22.031 22.211 
0.868 22.402 22.125 22.112 22.095 22.090 22.285 22.076 22.154 22.393 22.309 22.308 22.467 22.481 22.360 
0.919 22.554 22.192 22.188 22.118 22.106 22.299 22.157 22.173 22.252 22.305 22.322 22.511 22.434 22.330 
0.974 22.713 22.242 22.211 22.084 22.108 22.182 22.180 22.085 22.219 22.311 22.309 22.424 22.500 22.320 
1.032 22.679 22.369 22.256 22.212 22.205 22.231 22.257 22.213 22.301 22.324 22.328 22.423 22.614 22.326 
1.093 23.181 22.517 22.293 22.249 22.178 22.209 22.322 22.195 22.232 22.270 22.363 22.374 22.464 22.297 
1.158 23.285 22.657 22.366 22.246 22.146 22.372 22.415 22.175 22.352 22.220 22.172 22.283 22.368 22.266 
1.226 23.559 22.748 22.472 22.317 22.147 22.248 22.471 22.177 22.248 22.193 22.174 22.259 22.311 22.230 
1.299 23.680 22.891 22.534 22.242 22.235 22.176 22.500 22.203 22.242 22.083 22.268 22.296 22.404 22.211 
1.376 23.939 22.871 22.526 22.294 22.151 22.353 22.517 22.210 22.328 22.184 22.319 22.435 22.381 22.303 
1.458 24.106 23.103 22.568 22.367 22.221 22.248 22.596 22.233 22.243 22.130 22.214 22.279 22.315 22.211 
1.544 24.535 23.232 22.721 22.421 22.389 22.186 22.715 22.298 22.190 22.171 22.217 22.245 22.412 22.206 
1.636 24.882 23.360 22.703 22.467 22.366 22.195 22.731 22.313 22.183 22.094 22.164 22.282 22.297 22.177 
1.733 25.163 23.616 22.819 22.493 22.338 22.258 22.855 22.297 22.259 22.153 22.262 22.191 22.212 22.227 
1.836 25.633 23.801 22.933 22.604 22.468 22.449 22.966 22.469 22.349 22.147 22.147 22.140 22.298 22.206 
1.944 25.645 24.020 23.094 22.812 22.495 22.417 23.145 22.527 22.295 22.182 22.256 22.223 22.304 22.245 
2.060 26.188 24.214 23.278 22.895 22.565 22.520 23.312 22.589 22.414 22.275 22.228 22.316 22.266 22.307 
2.182 26.855 24.349 23.377 23.005 22.684 22.574 23.416 22.689 22.501 22.293 22.264 22.364 22.304 22.355 
2.311 27.181 24.501 23.440 23.089 22.744 22.601 23.504 22.747 22.503 22.310 22.281 22.400 22.316 22.379 
2.448 27.484 24.709 23.602 23.227 22.895 22.794 23.680 22.886 22.612 22.360 22.317 22.437 22.329 22.430 
2.594 27.789 24.900 23.673 23.357 22.923 22.815 23.766 22.950 22.660 22.410 22.368 22.414 22.347 22.465 
2.747 28.207 25.052 23.798 23.403 22.999 22.832 23.882 23.000 22.648 22.432 22.372 22.467 22.369 22.485 
2.910 28.307 25.259 23.938 23.557 23.086 22.870 24.033 23.093 22.700 22.450 22.368 22.537 22.431 22.511 
3.083 28.527 25.388 24.068 23.682 23.149 22.926 24.162 23.167 22.725 22.493 22.375 22.506 22.323 22.524 
3.266 28.977 25.600 24.175 23.753 23.166 23.014 24.260 23.227 22.788 22.573 22.374 22.506 22.400 22.558 
3.459 29.947 25.849 24.315 23.867 23.299 23.053 24.392 23.333 22.812 22.586 22.403 22.518 22.321 22.577 
3.665 30.507 26.353 24.540 23.931 23.357 23.186 24.589 23.417 22.889 22.629 22.378 22.574 22.358 22.613 
3.882 30.728 26.782 24.955 24.155 23.529 23.247 24.940 23.578 23.004 22.685 22.381 22.567 22.382 22.643 
4.112 32.219 27.236 25.322 24.394 23.758 23.315 25.230 23.765 23.019 22.736 22.401 22.576 22.405 22.673 
4.356 31.850 27.430 25.629 24.487 23.846 23.414 25.420 23.879 23.077 22.793 22.406 22.553 22.429 22.697 
4.614 32.177 27.796 25.851 24.645 24.121 23.549 25.621 24.083 23.189 22.848 22.397 22.590 22.457 22.736 
4.888 32.415 28.106 26.172 24.689 24.181 23.615 25.812 24.141 23.298 22.959 22.424 22.585 22.454 22.785 
5.178 36.385 28.324 26.383 24.878 24.382 23.764 26.024 24.316 23.356 22.992 22.446 22.561 22.438 22.808 
5.485 35.168 28.562 26.656 24.994 24.537 23.872 26.244 24.443 23.452 23.098 22.466 22.573 22.468 22.861 
5.810 37.548 28.779 27.085 25.141 24.726 23.928 26.428 24.587 23.546 23.173 22.486 22.557 22.474 22.895 
6.155 36.275 29.200 27.203 25.243 24.843 24.160 26.614 24.740 23.678 23.260 22.499 22.565 22.480 22.937 
6.520 38.175 29.423 27.297 25.454 24.985 24.320 26.796 24.909 23.795 23.363 22.541 22.552 22.522 22.980 
6.906 37.604 29.902 27.634 25.643 25.266 24.409 27.110 25.081 23.888 23.463 22.597 22.531 22.521 23.030 
7.316 45.011 29.988 27.918 25.910 25.432 24.579 27.363 25.249 24.055 23.576 22.654 22.589 22.561 23.103 
7.750 nan 30.806 28.292 26.230 25.743 24.742 27.708 25.518 24.160 23.659 22.678 22.563 22.563 23.132 
8.210 55.591 31.804 28.995 26.610 25.969 24.906 28.318 25.708 24.336 23.812 22.748 22.567 22.594 23.201 
8.696 nan 32.432 29.440 27.245 26.435 25.210 28.859 26.175 24.583 23.989 22.824 22.585 22.582 23.284 
9.212 nan 33.507 30.032 27.739 26.843 25.521 29.436 26.511 24.753 24.108 22.905 22.576 22.640 23.349 
9.759 55.401 34.213 30.995 28.375 27.209 25.806 30.112 26.873 25.015 24.272 23.014 22.648 22.706 23.455 
10.337 73.649 35.795 31.635 28.660 27.797 26.183 30.481 27.328 25.341 24.470 23.110 22.662 22.749 23.542 
10.950 nan 35.049 31.889 29.120 28.112 26.453 30.952 27.648 25.538 24.632 23.212 22.710 22.813 23.629 
11.600 nan 39.971 32.318 29.735 28.363 26.819 31.828 28.014 25.819 24.816 23.330 22.784 22.874 23.740 
12.288 nan 38.835 33.390 30.132 28.971 27.216 32.556 28.500 26.081 24.943 23.428 22.872 22.974 23.843 
13.016 82.873 37.315 33.654 30.586 29.530 27.542 32.812 28.919 26.277 25.156 23.594 22.991 23.056 23.992 
13.788 93.432 41.671 33.490 31.776 29.787 27.948 33.417 29.397 26.602 25.329 23.714 23.108 23.180 24.120 
14.606 95.008 40.192 35.880 31.597 30.545 28.412 34.411 29.904 26.977 25.493 23.841 23.237 23.320 24.258 
15.472 nan 53.051 36.605 32.890 30.931 28.868 35.392 30.462 27.292 25.768 24.040 23.417 23.479 24.447 
16.390 nan nan 40.196 32.644 31.842 29.244 35.481 30.752 27.752 25.991 24.215 23.603 23.650 24.635 
17.362 97.927 60.785 47.436 33.812 32.028 29.647 35.636 31.082 27.921 26.123 24.411 23.804 23.832 24.824 
18.392 98.927 nan 43.659 36.002 32.303 30.115 40.443 31.823 28.323 26.404 24.592 23.982 24.032 25.008 
19.482 nan 61.103 43.900 35.230 32.932 30.593 37.014 32.227 28.623 26.590 24.828 24.261 24.205 25.260 
20.638 102.382 63.119 47.367 36.940 34.384 31.113 39.798 32.639 28.982 26.738 25.113 24.629 24.475 25.575 
21.862 101.847 58.096 43.745 36.758 32.952 31.084 40.585 32.313 29.091 26.868 25.354 24.896 24.703 25.817 
23.158 103.165 44.560 42.265 34.975 32.256 31.205 36.563 32.244 29.133 26.831 25.538 25.193 24.859 26.007 
24.532 105.125 58.876 36.380 35.086 31.554 30.841 36.067 31.633 29.278 26.889 25.780 25.578 25.151 26.271 
25.987 107.082 nan 39.655 36.054 32.887 31.305 37.848 32.426 29.499 27.077 25.993 25.993 25.316 26.555 
27.528 108.664 nan nan 37.162 32.770 31.490 39.686 32.690 29.858 27.314 26.125 26.208 25.456 26.728 
29.160 nan 88.796 nan 37.579 33.905 32.232 44.972 33.727 30.332 27.641 26.331 26.412 25.623 26.945 
30.890 inf inf inf inf inf inf inf inf inf inf inf inf inf inf 
