# t[days] lsstu lsstg lsstr lssti lsstz lssty f062 f087 f106 f129 f158 f184 f213 f146 
0.103 23.772 23.762 24.087 25.519 23.538 23.456 24.190 23.632 24.408 25.166 26.053 36.097 39.174 25.213 
0.109 20.526 21.497 20.822 25.301 21.223 22.477 21.381 21.755 23.571 25.461 25.501 29.640 38.486 24.608 
0.116 20.077 21.466 21.597 21.974 20.411 22.890 21.633 21.088 23.895 25.075 31.192 27.883 27.815 24.827 
0.122 20.499 20.188 21.754 20.115 20.508 24.144 20.884 20.588 21.702 21.824 25.248 21.026 22.991 21.973 
0.130 20.625 20.605 20.774 22.518 21.103 21.684 20.943 21.411 21.860 23.836 24.041 24.300 26.764 22.863 
0.137 20.006 21.257 21.178 21.705 20.906 21.657 21.491 21.173 22.221 20.655 22.589 23.704 21.011 21.499 
0.145 20.008 20.638 20.240 21.248 23.469 21.631 20.530 21.889 21.228 20.707 23.834 26.245 26.800 21.418 
0.154 19.877 20.629 20.264 21.391 20.545 21.755 20.528 20.862 22.131 21.100 21.611 23.604 24.467 21.929 
0.163 20.203 20.826 20.705 20.767 22.423 23.083 20.627 22.374 22.520 21.777 21.157 22.653 26.830 21.837 
0.173 20.133 20.432 20.353 20.941 22.545 23.474 20.490 22.083 23.592 22.076 22.045 23.955 24.850 22.513 
0.183 20.426 20.460 20.810 21.832 21.327 22.656 20.926 21.799 22.714 22.702 20.957 23.628 23.167 21.826 
0.194 20.651 20.786 20.967 20.885 21.535 21.250 20.834 21.209 21.075 20.976 22.345 22.863 22.729 21.647 
0.206 20.382 20.769 20.890 21.239 21.037 21.672 21.031 21.303 22.004 22.375 22.982 23.112 23.424 22.408 
0.218 20.967 20.900 20.810 21.233 20.242 21.853 20.914 20.724 22.025 22.151 23.647 21.373 23.949 21.993 
0.231 20.590 20.389 20.501 20.970 20.665 22.328 20.596 20.914 20.879 22.395 22.290 21.305 20.522 21.448 
0.244 20.466 20.980 21.343 21.328 21.186 21.304 21.342 21.277 21.161 21.347 22.147 22.669 21.903 21.664 
0.259 20.834 20.868 21.109 21.716 21.493 21.959 21.120 21.788 21.574 22.300 22.255 23.070 22.707 22.077 
0.274 20.640 20.960 21.243 21.031 21.222 21.835 21.184 21.277 21.976 22.032 23.202 23.587 23.863 22.376 
0.290 20.893 20.638 21.137 22.037 21.810 21.704 21.157 21.894 21.613 21.324 22.091 24.491 23.206 21.830 
0.308 20.817 21.012 21.084 20.964 21.199 22.087 21.044 21.327 22.305 22.205 22.626 23.360 23.914 22.529 
0.326 21.267 21.048 21.428 21.319 21.914 21.706 21.431 21.538 21.961 22.587 22.983 23.039 23.127 22.473 
0.345 21.054 21.209 21.695 21.344 21.255 22.914 21.599 21.468 22.485 22.408 22.044 22.807 23.257 22.381 
0.366 21.313 21.541 21.602 21.785 21.470 22.387 21.629 21.754 22.277 22.418 22.184 22.565 22.604 22.430 
0.387 21.136 21.355 21.923 21.973 22.094 22.131 21.797 22.052 22.414 22.011 22.457 22.496 22.020 22.284 
0.410 21.515 21.648 21.855 21.742 21.707 21.595 21.733 21.744 22.120 22.521 22.819 22.390 23.346 22.390 
0.435 21.697 21.545 21.832 21.833 22.275 21.602 21.806 21.852 21.854 22.314 22.604 22.452 22.754 22.242 
0.461 21.544 21.602 21.737 21.939 21.651 22.345 21.742 21.855 22.324 22.154 21.990 22.320 22.664 22.253 
0.488 21.572 21.714 21.660 21.954 22.304 22.763 21.732 22.351 22.354 22.497 22.114 22.299 21.907 22.320 
0.517 21.784 21.613 21.825 21.878 21.821 21.943 21.759 21.992 22.002 22.378 22.447 22.586 22.589 22.298 
0.547 21.942 21.704 21.796 21.975 21.904 22.357 21.815 22.007 22.372 21.975 21.797 22.095 22.542 22.096 
0.580 22.092 21.815 21.891 22.041 21.896 22.122 21.886 22.015 22.096 22.398 22.586 22.672 22.665 22.371 
0.614 22.193 21.972 22.045 22.019 21.909 22.259 22.035 22.037 22.091 22.109 22.313 22.194 22.589 22.214 
0.651 22.205 22.021 21.913 21.956 22.252 22.071 21.951 22.073 22.069 21.684 22.087 22.614 22.174 22.058 
0.689 22.403 21.962 21.971 22.008 21.958 21.983 21.922 22.027 22.170 22.160 22.362 22.167 22.270 22.171 
0.730 22.255 21.961 21.831 22.171 21.826 22.083 21.910 21.959 22.089 22.122 22.029 22.240 22.269 22.113 
0.773 22.505 22.080 22.015 22.093 21.932 21.843 22.003 21.980 21.966 22.070 22.058 22.059 22.004 22.041 
0.819 22.834 22.284 22.084 21.920 21.696 21.851 22.077 21.749 21.902 21.945 22.079 21.999 22.043 21.984 
0.868 22.925 22.345 22.155 21.969 21.764 21.867 22.133 21.792 21.984 22.087 22.072 21.964 22.067 22.020 
0.919 23.119 22.495 22.159 22.100 22.242 22.182 22.167 22.207 22.075 22.128 22.013 22.410 22.240 22.152 
0.974 23.264 22.544 22.374 22.071 21.983 22.031 22.300 21.979 22.075 22.047 22.147 22.361 22.368 22.137 
1.032 23.677 22.706 22.486 22.336 22.159 22.089 22.470 22.159 22.095 22.189 22.076 22.075 22.403 22.106 
1.093 23.656 22.817 22.409 22.359 22.204 22.243 22.440 22.254 22.210 22.144 22.157 22.124 22.269 22.167 
1.158 24.005 23.005 22.476 22.420 22.198 22.132 22.580 22.187 22.172 22.210 22.042 22.133 22.226 22.139 
1.226 24.292 23.354 22.785 22.427 22.057 22.072 22.779 22.115 22.188 22.047 22.002 21.920 22.143 22.054 
1.299 24.461 23.380 22.614 22.566 22.313 22.061 22.691 22.282 22.202 22.169 21.967 22.136 22.056 22.118 
1.376 24.672 23.549 22.862 22.553 22.288 22.175 22.863 22.296 22.192 22.041 21.996 22.002 22.144 22.067 
1.458 24.932 23.694 23.040 22.639 22.226 22.246 23.023 22.295 22.256 22.103 22.099 22.030 21.970 22.125 
1.544 25.257 23.847 23.126 22.821 22.471 22.318 23.143 22.505 22.230 22.038 21.936 22.009 21.944 22.052 
1.636 25.921 24.250 23.334 22.906 22.667 22.404 23.335 22.629 22.303 22.192 22.081 22.040 22.016 22.162 
1.733 25.718 24.388 23.393 23.010 22.620 22.499 23.414 22.650 22.387 22.120 22.124 22.063 21.988 22.176 
1.836 26.165 24.695 23.564 23.082 22.698 22.543 23.599 22.694 22.534 22.279 22.052 22.022 21.972 22.231 
1.944 26.208 24.829 23.702 23.201 22.727 22.679 23.717 22.804 22.535 22.269 22.109 22.046 22.061 22.241 
2.060 26.649 25.171 23.903 23.490 22.843 22.774 23.947 22.932 22.669 22.287 22.181 22.140 22.027 22.318 
2.182 27.371 25.542 24.137 23.666 23.012 22.851 24.175 23.092 22.687 22.350 22.140 22.263 22.048 22.359 
2.311 27.637 25.591 24.185 23.781 23.123 23.015 24.257 23.213 22.871 22.446 22.232 22.229 22.072 22.449 
2.448 27.804 25.832 24.448 24.035 23.283 23.126 24.514 23.373 22.990 22.562 22.264 22.303 22.154 22.510 
2.594 28.375 26.045 24.559 24.065 23.472 23.236 24.576 23.487 23.045 22.559 22.329 22.357 22.068 22.559 
2.747 29.396 26.448 24.717 24.289 23.671 23.473 24.782 23.723 23.128 22.664 22.342 22.470 22.221 22.645 
2.910 28.685 26.467 24.912 24.445 23.633 23.488 24.977 23.745 23.212 22.708 22.438 22.404 22.141 22.672 
3.083 29.435 26.758 25.059 24.618 23.791 23.504 25.154 23.853 23.223 22.750 22.428 22.479 22.227 22.710 
3.266 30.153 26.921 25.231 24.720 23.912 23.692 25.288 24.016 23.332 22.819 22.418 22.426 22.191 22.718 
3.459 29.709 27.290 25.283 24.766 23.999 23.757 25.335 24.070 23.380 22.825 22.386 22.374 22.172 22.706 
3.665 30.749 27.493 25.674 24.931 24.139 23.960 25.640 24.237 23.524 22.964 22.437 22.433 22.339 22.784 
3.882 31.314 28.099 25.921 25.126 24.418 24.149 25.888 24.484 23.670 23.011 22.404 22.441 22.307 22.810 
4.112 31.037 28.573 26.181 25.489 24.618 24.206 26.215 24.665 23.699 23.091 22.376 22.449 22.298 22.824 
4.356 34.037 28.920 26.788 25.613 24.770 24.408 26.619 24.863 23.810 23.127 22.406 22.430 22.352 22.848 
4.614 35.160 29.479 27.111 25.831 25.124 24.617 26.875 25.135 23.941 23.144 22.441 22.408 22.450 22.883 
4.888 35.931 29.549 27.236 26.021 25.302 24.757 27.086 25.294 24.024 23.258 22.398 22.375 22.469 22.879 
5.178 35.857 30.165 27.691 26.218 25.643 24.941 27.375 25.592 24.182 23.316 22.422 22.400 22.447 22.923 
5.485 34.775 30.931 28.147 26.531 25.834 25.152 27.836 25.753 24.345 23.442 22.450 22.392 22.483 22.973 
5.810 45.646 30.781 27.979 26.653 25.948 25.090 27.830 25.837 24.362 23.522 22.466 22.402 22.492 22.994 
6.155 46.732 31.327 28.363 26.926 26.159 25.322 28.188 26.067 24.498 23.619 22.481 22.410 22.518 23.020 
6.520 37.133 32.027 28.685 26.905 26.302 25.546 28.463 26.189 24.638 23.698 22.492 22.377 22.544 23.044 
6.906 46.673 31.904 29.127 27.164 26.496 25.695 28.701 26.412 24.705 23.720 22.508 22.350 22.530 23.048 
7.316 55.902 32.873 29.660 27.425 26.689 25.820 29.196 26.570 24.832 23.815 22.517 22.347 22.545 23.073 
7.750 nan 33.031 29.674 27.737 26.840 25.967 29.448 26.702 24.977 23.919 22.577 22.363 22.572 23.122 
8.210 70.981 33.208 30.224 28.018 27.313 26.150 29.837 27.059 25.085 24.039 22.608 22.344 22.588 23.150 
8.696 81.486 33.791 31.370 28.114 27.585 26.233 30.292 27.218 25.283 24.171 22.673 22.326 22.634 23.196 
9.212 84.566 35.936 31.388 28.826 27.810 26.438 30.753 27.454 25.470 24.317 22.747 22.392 22.677 23.279 
9.759 nan 34.843 31.592 29.155 28.014 26.859 31.175 27.779 25.695 24.361 22.838 22.406 22.732 23.336 
10.337 nan 44.860 32.131 29.556 28.872 27.025 31.488 28.284 25.907 24.534 22.939 22.475 22.843 23.427 
10.950 88.853 40.707 34.959 30.230 28.867 27.196 32.182 28.455 26.143 24.654 23.005 22.505 22.900 23.487 
11.600 nan 38.996 35.889 30.180 29.283 27.675 32.646 28.990 26.353 24.768 23.149 22.599 22.980 23.606 
12.288 nan 59.781 37.754 31.148 29.479 27.847 33.436 29.041 26.603 24.918 23.243 22.675 23.076 23.701 
13.016 91.105 56.559 34.543 31.624 30.295 28.323 33.576 29.793 26.876 25.044 23.357 22.777 23.187 23.809 
13.788 92.710 43.688 38.167 32.119 30.313 28.414 35.495 29.731 27.002 25.174 23.498 22.890 23.324 23.935 
14.606 95.554 nan 43.454 33.819 30.641 28.765 38.589 30.066 27.367 25.387 23.612 22.989 23.487 24.052 
15.472 96.329 50.410 nan 33.309 32.201 29.716 36.380 31.281 27.731 25.503 23.760 23.127 23.574 24.191 
16.390 nan 85.090 37.065 34.495 31.241 29.521 35.440 30.937 27.943 25.793 23.890 23.265 23.749 24.339 
17.362 nan nan 48.658 34.771 31.289 30.104 36.575 31.276 28.363 25.862 24.081 23.438 23.841 24.510 
18.392 99.953 88.923 49.153 33.967 32.076 30.519 41.511 31.996 28.659 26.086 24.291 23.608 24.014 24.693 
19.482 100.097 81.014 34.164 37.044 31.993 30.813 34.752 31.878 29.069 26.406 24.502 23.865 24.087 24.926 
20.638 103.025 74.506 49.449 38.861 35.308 31.139 39.835 33.300 29.305 26.542 24.801 24.189 24.251 25.229 
21.862 nan 65.900 41.216 37.401 32.765 31.047 39.564 32.556 29.273 26.525 25.028 24.463 24.344 25.443 
23.158 105.981 45.033 38.158 34.316 31.368 30.484 37.211 31.438 28.612 26.317 25.135 24.713 24.422 25.556 
24.532 106.795 nan 36.246 33.681 31.009 30.278 35.162 31.165 28.505 26.300 25.346 25.139 24.608 25.797 
25.987 nan 77.050 38.409 33.820 31.501 30.556 36.634 31.534 28.658 26.461 25.565 25.542 24.752 26.049 
27.528 nan 90.394 45.695 35.878 32.249 30.898 40.134 32.106 29.025 26.715 25.709 25.780 24.862 26.234 
29.160 nan nan 47.260 37.471 33.251 31.515 41.971 33.097 29.394 27.012 25.923 25.983 25.041 26.454 
30.890 inf inf inf inf inf inf inf inf inf inf inf inf inf inf 
