# t[days] lsstu lsstg lsstr lssti lsstz lssty f062 f087 f106 f129 f158 f184 f213 f146 
0.103 26.377 25.863 24.297 28.150 30.155 31.191 24.901 29.731 27.857 30.895 31.508 30.576 32.866 29.002 
0.109 22.268 22.842 23.672 25.648 22.749 25.448 23.490 23.294 25.623 30.899 32.217 34.274 31.478 26.859 
0.116 22.461 22.698 22.613 22.777 26.074 25.629 22.529 26.072 25.961 23.511 26.551 28.352 29.259 24.583 
0.122 22.354 22.427 23.728 24.113 25.142 24.658 23.239 24.818 23.318 24.585 26.298 32.728 32.186 24.491 
0.130 21.604 22.197 23.052 22.333 22.801 22.816 22.707 22.515 23.618 24.975 26.004 27.240 28.950 24.551 
0.137 21.439 21.820 22.136 23.335 23.321 23.752 22.193 23.226 23.418 23.839 27.571 23.005 26.454 23.843 
0.145 21.162 21.899 21.971 22.980 21.831 22.960 22.128 22.541 22.841 24.935 25.636 22.812 27.394 23.409 
0.154 21.112 21.656 21.874 22.366 22.391 23.172 21.921 22.635 23.136 23.100 26.835 25.423 25.072 23.576 
0.163 21.310 21.314 21.548 22.347 23.350 23.118 21.672 22.840 22.710 24.351 23.342 25.111 25.668 23.362 
0.173 20.892 21.709 22.165 22.626 22.572 22.945 22.245 22.592 23.198 22.993 24.722 25.630 24.625 23.554 
0.183 21.158 21.503 22.026 22.489 22.651 22.523 22.045 22.689 23.046 24.236 24.817 27.689 24.291 23.937 
0.194 21.177 21.741 22.786 22.638 22.593 23.113 22.452 22.886 22.663 24.258 24.575 24.567 23.610 23.590 
0.206 21.078 21.602 22.031 22.807 22.824 22.028 22.090 22.560 22.897 23.708 23.700 23.195 27.335 23.237 
0.218 21.156 21.502 22.456 22.524 23.148 22.504 22.211 22.876 22.691 23.618 24.501 24.237 25.666 23.487 
0.231 21.372 22.009 22.316 22.556 22.758 23.564 22.307 23.019 23.793 24.133 24.025 23.672 23.953 23.882 
0.244 21.220 21.939 22.311 22.664 22.657 23.096 22.359 22.729 22.926 23.469 23.294 24.007 24.654 23.257 
0.259 21.396 21.590 22.332 22.498 22.863 23.412 22.143 22.908 23.135 23.683 24.199 23.789 23.782 23.604 
0.274 21.365 21.869 22.254 22.775 22.529 23.641 22.286 22.905 23.233 23.305 24.403 24.939 24.908 23.678 
0.290 21.523 21.901 22.560 22.639 22.991 23.088 22.426 22.872 23.279 23.506 24.461 25.513 24.548 23.740 
0.308 21.464 21.979 22.292 22.812 22.740 23.497 22.368 22.947 23.399 23.311 24.261 23.759 24.195 23.650 
0.326 21.638 22.171 22.247 22.746 23.049 23.374 22.385 23.083 23.166 23.367 24.367 25.059 24.751 23.708 
0.345 21.647 22.042 22.422 22.762 22.924 22.757 22.412 22.893 23.066 24.183 24.275 25.133 24.008 23.792 
0.366 21.662 22.081 22.456 22.619 22.800 22.898 22.432 22.794 23.107 23.149 23.540 24.672 24.737 23.437 
0.387 21.795 22.074 22.484 22.294 22.621 23.181 22.367 22.605 23.107 23.443 23.958 24.138 24.793 23.541 
0.410 21.729 22.019 22.339 22.447 22.671 22.755 22.290 22.626 22.842 23.181 23.349 23.826 24.604 23.184 
0.435 21.852 22.164 22.355 22.632 22.767 22.991 22.358 22.826 22.784 23.222 23.641 24.065 24.268 23.276 
0.461 21.866 22.103 22.361 22.465 22.741 22.734 22.354 22.604 22.735 22.870 23.007 23.111 23.879 22.946 
0.488 21.921 22.131 22.247 22.460 22.511 22.750 22.254 22.592 22.787 22.992 23.418 23.624 23.650 23.093 
0.517 22.044 22.184 22.317 22.424 22.520 22.703 22.327 22.526 22.637 22.646 23.022 23.683 23.562 22.898 
0.547 22.118 22.204 22.224 22.258 22.285 22.530 22.257 22.302 22.626 22.798 23.187 23.499 23.545 22.947 
0.580 22.280 22.216 22.116 22.199 22.349 22.473 22.128 22.362 22.476 22.492 22.836 23.170 23.488 22.688 
0.614 22.443 22.350 22.184 22.200 22.206 22.415 22.185 22.307 22.349 22.408 22.644 22.657 23.128 22.495 
0.651 22.670 22.413 22.191 22.187 22.242 22.325 22.210 22.267 22.265 22.320 22.781 23.033 23.217 22.527 
0.689 22.942 22.506 22.225 22.225 22.253 22.333 22.275 22.255 22.328 22.388 22.589 22.992 23.169 22.515 
0.730 23.137 22.689 22.316 22.204 22.205 22.178 22.331 22.177 22.279 22.355 22.604 22.714 22.884 22.441 
0.773 23.416 22.921 22.439 22.283 22.207 22.267 22.453 22.240 22.238 22.392 22.537 22.729 23.188 22.440 
0.819 23.701 23.058 22.642 22.413 22.375 22.373 22.636 22.369 22.395 22.393 22.510 22.774 22.925 22.485 
0.868 23.813 23.264 22.704 22.502 22.337 22.291 22.738 22.350 22.297 22.338 22.419 22.700 22.877 22.408 
0.919 24.129 23.459 22.953 22.670 22.464 22.498 22.949 22.513 22.522 22.469 22.532 22.730 22.947 22.545 
0.974 24.371 23.672 23.063 22.796 22.623 22.438 23.075 22.618 22.478 22.475 22.535 22.696 23.040 22.539 
1.032 24.747 23.856 23.271 22.965 22.799 22.743 23.269 22.796 22.734 22.669 22.577 22.754 23.103 22.697 
1.093 24.976 23.984 23.413 23.079 22.943 22.851 23.395 22.937 22.824 22.796 22.649 22.769 23.028 22.759 
1.158 25.271 24.278 23.579 23.289 23.095 22.939 23.569 23.104 22.998 22.935 22.736 22.748 22.900 22.859 
1.226 25.507 24.431 23.749 23.364 23.230 23.086 23.715 23.214 23.106 22.993 22.777 22.847 23.024 22.928 
1.299 25.987 24.687 23.854 23.429 23.317 23.213 23.833 23.312 23.220 23.069 22.867 22.911 23.071 23.019 
1.376 26.366 24.774 24.011 23.623 23.406 23.251 24.003 23.405 23.330 23.187 22.982 23.095 23.085 23.143 
1.458 26.641 24.892 24.097 23.676 23.436 23.347 24.064 23.465 23.348 23.190 22.960 23.005 23.118 23.133 
1.544 27.103 25.177 24.269 23.801 23.554 23.438 24.233 23.580 23.426 23.217 23.030 23.079 23.209 23.192 
1.636 27.818 25.392 24.374 23.893 23.627 23.532 24.346 23.653 23.536 23.289 23.040 23.132 23.209 23.249 
1.733 28.224 25.698 24.545 24.045 23.706 23.637 24.522 23.758 23.624 23.359 23.101 23.172 23.232 23.313 
1.836 28.625 25.967 24.763 24.083 23.870 23.746 24.671 23.866 23.750 23.432 23.186 23.286 23.293 23.407 
1.944 29.296 26.240 24.921 24.301 23.982 23.831 24.881 23.993 23.853 23.448 23.291 23.341 23.381 23.477 
2.060 29.053 26.609 25.094 24.433 24.066 23.866 25.044 24.072 23.926 23.568 23.311 23.401 23.438 23.542 
2.182 30.706 27.082 25.374 24.617 24.205 24.032 25.322 24.228 24.028 23.694 23.441 23.529 23.485 23.662 
2.311 31.339 27.313 25.620 24.809 24.370 24.194 25.561 24.400 24.141 23.712 23.412 23.524 23.601 23.677 
2.448 31.295 27.890 25.878 24.973 24.400 24.301 25.772 24.487 24.229 23.785 23.512 23.641 23.664 23.779 
2.594 33.831 28.439 26.195 25.159 24.604 24.355 26.067 24.624 24.281 23.843 23.543 23.659 23.692 23.810 
2.747 32.984 28.674 26.493 25.344 24.736 24.443 26.297 24.757 24.348 23.954 23.572 23.669 23.699 23.869 
2.910 33.311 29.277 26.804 25.520 24.843 24.549 26.579 24.878 24.404 23.971 23.601 23.674 23.732 23.895 
3.083 37.190 29.699 27.172 25.768 25.017 24.627 26.896 25.033 24.487 24.039 23.649 23.690 23.741 23.950 
3.266 37.318 29.808 27.382 25.808 25.079 24.620 27.029 25.058 24.459 24.078 23.640 23.676 23.712 23.943 
3.459 36.548 29.989 27.552 25.823 25.099 24.662 27.111 25.093 24.453 24.078 23.644 23.678 23.730 23.946 
3.665 39.269 30.168 27.696 25.932 25.138 24.702 27.224 25.146 24.473 24.103 23.656 23.638 23.674 23.945 
3.882 39.132 30.306 27.747 26.040 25.226 24.725 27.377 25.197 24.495 24.137 23.654 23.601 23.668 23.946 
4.112 39.671 30.624 27.782 26.064 25.328 24.814 27.449 25.291 24.518 24.148 23.630 23.580 23.642 23.938 
4.356 38.258 30.609 27.940 26.118 25.381 24.809 27.568 25.310 24.542 24.166 23.655 23.519 23.612 23.937 
4.614 36.702 30.814 28.081 26.149 25.354 24.850 27.635 25.314 24.529 24.153 23.621 23.502 23.590 23.921 
4.888 44.100 31.194 28.195 26.259 25.484 24.960 27.772 25.439 24.618 24.170 23.625 23.484 23.584 23.931 
5.178 44.489 31.647 28.459 26.480 25.668 25.038 28.066 25.591 24.691 24.214 23.642 23.487 23.590 23.961 
5.485 42.476 31.809 28.865 26.807 25.915 25.264 28.425 25.837 24.899 24.294 23.696 23.519 23.602 24.035 
5.810 45.976 32.379 29.313 27.147 26.210 25.466 28.834 26.110 25.053 24.378 23.770 23.539 23.643 24.100 
6.155 48.500 33.105 29.800 27.514 26.567 25.770 29.369 26.433 25.290 24.525 23.876 23.575 23.685 24.199 
6.520 59.072 33.881 30.512 28.006 26.909 26.069 30.011 26.774 25.529 24.704 23.963 23.637 23.760 24.308 
6.906 48.274 35.186 31.049 28.630 27.334 26.480 30.810 27.225 25.834 24.887 24.104 23.719 23.832 24.450 
7.316 nan 35.999 31.878 29.266 27.922 26.908 31.510 27.752 26.101 25.094 24.253 23.790 23.913 24.584 
7.750 65.690 39.372 33.062 29.675 28.488 27.439 32.358 28.267 26.501 25.303 24.354 23.842 23.993 24.702 
8.210 75.034 38.193 33.457 30.515 29.222 28.015 33.054 29.003 26.877 25.516 24.498 23.919 24.085 24.836 
8.696 55.417 39.442 33.973 30.685 29.776 28.457 33.582 29.433 27.186 25.678 24.618 23.993 24.144 24.945 
9.212 63.144 40.874 34.588 31.012 30.038 28.876 34.115 29.827 27.457 25.830 24.745 24.074 24.255 25.056 
9.759 68.987 41.171 35.282 31.298 30.605 29.275 35.102 30.237 27.594 25.975 24.867 24.197 24.375 25.189 
10.337 66.068 39.228 34.993 31.689 30.942 29.618 34.688 30.563 27.858 26.170 25.040 24.370 24.482 25.368 
10.950 nan 40.978 35.245 32.445 31.478 29.938 35.247 31.029 28.231 26.365 25.217 24.539 24.692 25.548 
11.600 81.197 42.892 36.604 32.634 31.868 30.469 35.276 31.467 28.574 26.579 25.418 24.716 24.838 25.746 
12.288 91.134 44.750 36.846 33.391 32.331 30.528 36.837 31.711 28.957 26.829 25.599 24.915 24.990 25.951 
13.016 nan 43.415 36.660 33.806 32.205 30.743 36.894 31.911 29.222 27.082 25.835 25.113 25.165 26.168 
13.788 nan 40.511 36.470 34.371 32.087 30.665 36.725 31.796 29.349 27.223 26.017 25.329 25.325 26.362 
14.606 nan 53.753 38.621 34.513 32.051 30.548 38.104 31.661 29.486 27.394 26.237 25.613 25.492 26.603 
15.472 nan 49.344 36.079 34.072 31.858 30.410 36.252 31.563 29.473 27.449 26.308 25.895 25.658 26.771 
16.390 nan 54.665 38.684 34.177 32.034 30.474 36.238 31.600 29.553 27.582 26.415 26.132 25.920 26.950 
17.362 106.702 44.458 37.904 34.494 32.305 30.672 36.537 31.777 29.816 27.672 26.527 26.315 26.040 27.098 
18.392 106.883 44.472 37.619 35.953 32.463 31.159 37.283 32.231 30.230 27.885 26.671 26.525 26.162 27.297 
19.482 107.662 73.764 44.865 37.234 32.833 31.557 40.065 32.487 30.557 27.974 26.777 26.616 26.353 27.395 
20.638 109.540 nan 45.099 38.237 33.237 32.123 42.706 33.097 30.936 28.196 26.888 26.801 26.432 27.556 
21.862 112.558 nan 48.303 36.609 33.893 32.489 40.847 33.602 31.199 28.421 26.976 26.899 26.584 27.682 
23.158 116.823 nan 49.986 38.969 34.235 33.335 42.373 34.229 31.757 28.686 27.146 27.038 26.680 27.857 
24.532 nan 90.218 59.516 44.763 35.391 33.062 45.755 34.709 31.984 29.072 27.320 27.178 26.865 28.045 
25.987 116.695 nan 41.423 42.496 36.231 34.042 41.800 35.178 32.707 29.436 27.568 27.393 27.061 28.282 
27.528 nan nan nan 37.596 37.063 34.783 47.214 36.120 33.051 29.786 27.829 27.712 27.282 28.578 
29.160 nan nan nan 52.947 38.655 34.856 nan 36.840 32.976 30.115 28.115 28.048 27.676 28.881 
30.890 inf inf inf inf inf inf inf inf inf inf inf inf inf inf 
