# t[days] lsstu lsstg lsstr lssti lsstz lssty f062 f087 f106 f129 f158 f184 f213 f146 
0.103 25.379 24.300 23.062 27.159 29.832 26.700 23.655 29.012 26.825 30.286 30.112 37.571 33.061 28.010 
0.109 20.855 21.873 23.018 25.622 21.222 24.710 22.684 22.074 25.334 29.733 29.352 26.780 29.455 26.375 
0.116 21.270 21.440 21.167 24.934 23.903 24.538 21.511 24.204 24.742 22.149 25.306 28.297 32.910 23.238 
0.122 20.518 21.193 22.828 23.709 21.488 23.818 22.284 22.317 22.095 27.010 26.412 29.522 32.615 23.311 
0.130 20.391 20.845 21.222 21.632 22.228 22.512 21.169 22.591 23.080 24.720 25.291 28.033 28.911 24.042 
0.137 20.269 20.464 21.649 22.005 22.247 22.476 21.319 22.013 22.076 25.709 22.160 21.828 24.698 22.556 
0.145 19.951 20.561 20.871 20.848 23.106 23.025 20.900 21.776 22.517 24.781 22.208 21.631 26.802 22.649 
0.154 19.934 20.353 20.641 21.726 21.873 21.191 20.837 21.393 22.043 22.757 24.418 23.588 24.080 22.670 
0.163 20.209 20.048 20.882 21.245 22.110 20.928 20.691 21.395 21.317 21.326 22.355 24.380 25.045 21.776 
0.173 19.643 20.443 20.991 20.894 21.585 21.875 20.813 21.623 21.580 22.072 23.733 23.871 21.204 22.388 
0.183 19.805 20.320 20.856 20.833 21.670 21.394 20.735 21.265 22.035 23.284 24.139 26.045 23.507 22.937 
0.194 20.078 20.456 21.301 21.357 20.752 21.230 21.260 20.962 21.641 23.049 23.143 22.212 24.190 22.218 
0.206 19.894 20.478 21.006 21.561 21.082 21.913 21.049 21.259 22.474 22.260 21.764 22.232 25.156 22.200 
0.218 19.883 20.385 21.319 21.249 21.790 21.361 21.045 21.394 21.638 23.041 22.851 23.652 23.065 22.465 
0.231 20.212 20.708 21.071 21.172 21.512 21.691 21.065 21.359 22.164 22.110 23.273 23.150 22.548 22.391 
0.244 20.186 20.577 21.053 21.161 21.384 21.490 20.990 21.378 21.758 21.875 22.791 22.692 24.963 22.149 
0.259 20.097 20.400 21.086 21.441 22.260 21.424 20.988 21.714 21.638 22.730 23.439 22.464 23.888 22.350 
0.274 20.232 20.693 21.245 21.230 22.128 21.726 21.155 21.715 22.016 22.036 23.107 23.150 23.669 22.393 
0.290 20.409 20.762 21.529 21.669 21.690 21.847 21.407 21.786 22.057 22.301 23.154 22.713 23.080 22.488 
0.308 20.402 20.734 21.093 21.310 21.841 21.947 21.125 21.597 22.004 22.807 22.863 23.475 23.661 22.554 
0.326 20.346 20.868 21.110 21.659 21.972 21.748 21.159 21.857 21.851 22.148 23.385 23.601 22.783 22.374 
0.345 20.359 20.775 21.088 21.571 21.469 22.247 21.146 21.624 22.181 22.395 23.185 23.594 23.688 22.654 
0.366 20.364 20.864 21.115 21.278 21.420 21.644 21.125 21.469 21.631 21.990 22.724 23.361 23.862 22.134 
0.387 20.582 20.816 21.106 21.312 21.400 21.780 21.112 21.453 21.847 22.094 22.223 22.590 23.488 22.215 
0.410 20.437 20.899 21.151 20.935 21.626 21.444 21.061 21.342 21.645 21.886 22.426 22.552 23.154 22.027 
0.435 20.705 20.888 21.136 21.378 21.622 21.375 21.135 21.604 21.427 22.100 22.301 23.049 23.831 21.978 
0.461 20.685 20.856 21.042 21.346 21.450 21.654 21.070 21.523 21.579 21.655 21.865 22.788 22.566 21.840 
0.488 20.648 20.835 20.995 21.193 21.334 21.595 21.023 21.341 21.588 21.622 21.922 22.158 22.169 21.814 
0.517 20.755 20.894 20.961 21.132 21.198 21.177 20.993 21.211 21.271 21.460 22.043 22.452 22.912 21.632 
0.547 20.803 20.804 20.874 20.877 21.124 21.383 20.854 21.133 21.335 21.506 21.943 22.356 22.394 21.686 
0.580 20.930 20.860 20.784 20.929 20.987 21.021 20.816 21.014 20.996 21.233 21.502 22.090 22.079 21.350 
0.614 21.071 20.893 20.754 20.897 21.091 20.968 20.803 20.999 21.007 21.148 21.231 21.506 21.939 21.203 
0.651 21.371 21.001 20.822 20.899 20.901 20.905 20.858 20.916 20.937 21.010 21.459 21.813 22.168 21.220 
0.689 21.572 21.060 20.863 20.849 21.001 20.976 20.867 20.966 20.929 21.118 21.426 21.565 21.859 21.205 
0.730 21.816 21.198 20.942 20.838 20.841 20.947 20.940 20.843 20.935 21.105 21.288 21.487 21.769 21.153 
0.773 22.053 21.443 21.090 20.968 20.815 20.882 21.098 20.881 20.944 21.022 21.201 21.747 21.742 21.157 
0.819 22.375 21.581 21.188 20.985 21.064 21.025 21.159 21.027 21.038 21.104 21.140 21.501 21.697 21.148 
0.868 22.559 21.729 21.318 21.079 20.995 20.988 21.317 20.979 21.013 21.002 21.265 21.570 21.860 21.167 
0.919 22.858 22.016 21.573 21.246 21.119 21.164 21.536 21.143 21.165 21.111 21.251 21.526 21.689 21.240 
0.974 23.143 22.158 21.673 21.435 21.176 21.202 21.667 21.229 21.218 21.097 21.270 21.394 21.791 21.237 
1.032 23.373 22.418 21.868 21.527 21.430 21.401 21.857 21.411 21.363 21.229 21.225 21.540 21.859 21.331 
1.093 23.638 22.585 22.043 21.668 21.567 21.506 22.001 21.556 21.481 21.387 21.318 21.531 21.820 21.424 
1.158 24.062 22.852 22.162 21.920 21.731 21.658 22.197 21.711 21.704 21.517 21.408 21.536 21.865 21.550 
1.226 24.462 23.007 22.332 21.976 21.828 21.793 22.313 21.832 21.828 21.578 21.460 21.617 21.770 21.617 
1.299 24.870 23.219 22.450 22.113 21.940 21.937 22.439 21.962 21.861 21.645 21.535 21.652 21.893 21.683 
1.376 25.190 23.396 22.691 22.179 22.034 21.971 22.632 22.008 22.017 21.734 21.594 21.644 21.838 21.755 
1.458 25.410 23.506 22.735 22.328 22.128 22.090 22.721 22.134 22.091 21.790 21.677 21.746 21.951 21.826 
1.544 25.857 23.760 22.893 22.430 22.278 22.118 22.871 22.223 22.112 21.818 21.677 21.774 21.984 21.847 
1.636 26.316 23.958 23.042 22.579 22.331 22.299 23.027 22.343 22.206 21.856 21.751 21.833 21.973 21.915 
1.733 26.950 24.257 23.184 22.683 22.436 22.428 23.177 22.447 22.340 21.936 21.780 21.871 21.949 21.979 
1.836 27.258 24.495 23.384 22.792 22.615 22.617 23.320 22.637 22.460 22.011 21.892 21.985 22.119 22.089 
1.944 28.077 24.872 23.550 22.967 22.710 22.657 23.507 22.724 22.557 22.087 22.007 22.026 22.158 22.172 
2.060 27.609 25.078 23.755 23.168 22.845 22.802 23.736 22.859 22.679 22.164 22.051 22.146 22.198 22.259 
2.182 28.422 25.547 24.018 23.332 22.928 22.904 23.965 22.983 22.762 22.229 22.161 22.241 22.285 22.349 
2.311 29.252 25.893 24.238 23.458 23.163 22.954 24.160 23.139 22.843 22.339 22.179 22.266 22.319 22.401 
2.448 29.303 26.300 24.483 23.652 23.305 23.157 24.432 23.294 22.956 22.385 22.260 22.363 22.388 22.485 
2.594 30.583 26.863 24.813 23.844 23.406 23.214 24.685 23.425 23.025 22.472 22.293 22.397 22.428 22.535 
2.747 31.413 27.241 25.127 24.056 23.587 23.269 24.962 23.583 23.102 22.571 22.332 22.472 22.431 22.604 
2.910 31.549 27.572 25.359 24.179 23.696 23.434 25.156 23.700 23.207 22.583 22.337 22.433 22.475 22.622 
3.083 33.582 27.956 25.800 24.470 23.900 23.528 25.535 23.881 23.288 22.711 22.403 22.482 22.453 22.702 
3.266 32.519 28.212 26.056 24.597 23.980 23.623 25.676 23.980 23.358 22.751 22.383 22.508 22.508 22.721 
3.459 33.995 28.387 26.118 24.637 24.109 23.652 25.700 24.079 23.393 22.783 22.391 22.467 22.520 22.724 
3.665 34.912 28.453 26.342 24.758 24.182 23.716 25.886 24.163 23.419 22.810 22.360 22.415 22.453 22.712 
3.882 36.755 28.548 26.475 24.824 24.111 23.779 25.960 24.170 23.448 22.831 22.333 22.353 22.436 22.698 
4.112 34.089 28.595 26.636 24.849 24.238 23.770 26.034 24.233 23.452 22.838 22.324 22.342 22.425 22.692 
4.356 35.310 28.627 26.776 24.899 24.320 23.760 26.105 24.269 23.467 22.866 22.309 22.282 22.393 22.681 
4.614 34.922 28.875 26.797 24.974 24.383 23.831 26.161 24.350 23.473 22.852 22.274 22.260 22.368 22.659 
4.888 37.730 28.991 27.049 25.092 24.472 23.934 26.350 24.446 23.542 22.865 22.284 22.256 22.351 22.673 
5.178 42.628 29.389 27.253 25.337 24.545 23.983 26.554 24.550 23.593 22.908 22.283 22.262 22.382 22.685 
5.485 42.055 29.589 27.550 25.542 24.720 24.177 26.810 24.723 23.682 22.965 22.310 22.284 22.387 22.726 
5.810 40.178 30.169 28.103 25.875 24.949 24.294 27.194 24.934 23.806 23.047 22.351 22.290 22.420 22.777 
6.155 50.386 30.900 28.431 26.140 25.290 24.542 27.485 25.230 23.972 23.159 22.426 22.332 22.479 22.858 
6.520 47.569 31.534 29.098 26.687 25.606 24.847 28.157 25.551 24.191 23.302 22.485 22.376 22.567 22.947 
6.906 42.197 32.252 29.953 27.245 26.070 25.203 28.835 26.003 24.445 23.494 22.614 22.464 22.619 23.085 
7.316 57.227 33.624 30.520 27.922 26.588 25.553 29.523 26.498 24.690 23.697 22.708 22.528 22.689 23.198 
7.750 54.901 35.050 31.406 28.493 27.063 26.041 30.030 27.027 24.948 23.880 22.792 22.581 22.797 23.299 
8.210 60.643 36.682 31.849 29.220 27.562 26.398 31.089 27.465 25.278 24.084 22.911 22.659 22.894 23.425 
8.696 68.423 37.312 32.562 29.832 28.239 26.847 31.546 28.074 25.538 24.234 23.008 22.711 22.968 23.520 
9.212 58.305 38.775 33.044 30.220 28.623 27.153 31.837 28.407 25.755 24.406 23.107 22.784 23.109 23.623 
9.759 66.303 40.854 34.544 30.605 29.261 27.394 32.225 28.835 25.890 24.529 23.245 22.922 23.239 23.752 
10.337 nan 36.858 34.562 31.037 29.825 27.805 32.661 29.346 26.068 24.690 23.397 23.053 23.345 23.895 
10.950 nan 40.987 35.130 31.895 29.719 28.193 33.564 29.680 26.297 24.856 23.571 23.256 23.501 24.085 
11.600 nan 42.366 33.852 31.930 30.585 28.712 33.478 30.199 26.540 25.036 23.771 23.419 23.630 24.261 
12.288 94.200 46.181 38.827 32.802 30.577 29.190 34.372 30.570 26.819 25.241 23.944 23.598 23.760 24.439 
13.016 89.381 42.100 37.662 33.192 31.156 29.592 35.139 30.974 27.106 25.462 24.177 23.777 23.909 24.651 
13.788 96.356 44.502 37.151 33.050 30.556 29.349 35.611 30.538 27.220 25.601 24.379 23.973 24.043 24.835 
14.606 96.685 48.297 37.152 32.369 30.276 29.321 35.114 30.244 27.395 25.755 24.639 24.198 24.169 25.057 
15.472 100.466 42.992 35.684 32.100 29.836 29.002 34.515 29.815 27.399 25.725 24.812 24.448 24.256 25.217 
16.390 98.983 45.805 34.382 32.184 29.689 28.861 34.097 29.722 27.446 25.818 24.975 24.788 24.387 25.424 
17.362 101.531 41.519 35.295 32.081 29.796 28.954 33.610 29.875 27.536 25.887 25.135 24.979 24.490 25.567 
18.392 nan 44.989 35.805 32.459 30.247 29.337 35.259 30.214 27.820 26.066 25.318 25.228 24.586 25.762 
19.482 nan 48.222 37.867 33.421 30.386 29.615 36.783 30.506 28.036 26.155 25.449 25.365 24.749 25.888 
20.638 nan 49.109 40.460 33.668 30.864 30.187 37.345 31.055 28.371 26.297 25.592 25.538 24.786 26.041 
21.862 nan 71.842 38.367 34.768 31.464 30.419 36.106 31.454 28.539 26.501 25.704 25.764 24.948 26.192 
23.158 nan nan 42.929 34.177 32.180 31.038 39.193 32.121 28.908 26.720 25.849 25.875 25.033 26.349 
24.532 112.200 nan 43.772 35.198 32.473 31.094 42.843 32.030 29.287 27.044 26.023 26.079 25.215 26.559 
25.987 111.248 78.995 40.948 40.795 32.910 32.269 41.565 33.306 29.781 27.329 26.249 26.258 25.385 26.785 
27.528 112.001 89.608 44.558 35.838 34.243 32.658 37.272 34.026 30.198 27.636 26.527 26.592 25.597 27.080 
29.160 114.343 91.501 62.754 41.867 34.415 32.351 43.595 33.787 30.390 27.847 26.832 26.958 26.009 27.402 
30.890 inf inf inf inf inf inf inf inf inf inf inf inf inf inf 
