# t[days] lsstu lsstg lsstr lssti lsstz lssty f062 f087 f106 f129 f158 f184 f213 f146 
0.103 23.085 23.960 24.976 24.726 23.203 26.031 24.512 23.916 27.030 30.460 34.718 34.149 43.021 28.242 
0.109 20.555 21.048 21.632 21.096 21.713 22.037 21.183 22.060 23.644 22.612 22.592 35.127 40.396 23.401 
0.116 21.270 20.928 21.545 23.076 21.652 22.386 21.479 22.146 21.324 21.795 31.246 26.980 28.504 22.555 
0.122 19.859 20.297 20.580 20.430 20.639 20.584 20.578 20.245 21.506 22.976 23.846 24.143 25.780 22.410 
0.130 20.022 20.830 20.961 21.174 21.867 21.579 21.271 21.116 21.972 23.776 25.181 21.238 26.123 22.198 
0.137 19.816 21.200 20.587 23.210 22.150 19.834 20.942 21.284 20.594 21.269 22.001 22.817 21.144 21.185 
0.145 20.577 20.858 20.744 20.297 22.491 21.631 20.841 21.033 21.901 21.559 25.103 25.211 23.851 22.187 
0.154 19.908 19.976 20.351 21.049 20.559 22.473 20.500 20.791 21.958 20.105 20.516 21.505 26.281 20.953 
0.163 19.848 20.159 19.647 20.132 21.828 22.643 19.720 21.701 21.660 21.682 22.224 25.535 24.162 22.294 
0.173 19.942 20.101 21.183 20.964 21.780 22.509 20.769 21.900 21.864 21.033 20.476 23.866 23.624 21.193 
0.183 20.150 20.585 20.682 21.679 21.910 22.760 20.839 22.070 21.640 22.437 22.946 23.545 24.439 22.390 
0.194 20.523 20.847 20.400 21.035 20.807 20.772 20.540 20.849 21.375 22.754 22.325 22.928 24.158 22.042 
0.206 20.473 20.469 20.970 21.714 20.633 21.288 21.034 21.070 21.795 22.471 24.403 23.446 21.826 22.531 
0.218 20.136 20.166 21.077 20.852 21.152 21.533 20.714 21.012 21.165 22.570 23.706 23.913 23.363 22.082 
0.231 20.536 20.663 20.738 20.841 20.437 20.704 20.758 20.646 20.991 22.220 22.460 21.403 21.482 21.561 
0.244 20.542 20.784 21.015 21.018 20.733 21.781 20.984 21.088 21.406 21.890 22.123 22.311 20.387 21.855 
0.259 20.413 20.665 20.690 21.140 20.951 21.296 20.768 21.258 21.005 21.544 22.263 22.371 22.103 21.534 
0.274 20.379 20.782 21.026 21.215 21.308 21.255 21.127 21.279 20.896 22.018 22.364 23.780 22.598 21.740 
0.290 20.563 20.640 21.018 21.389 20.799 21.405 21.005 21.048 21.516 21.625 22.407 23.365 24.357 22.003 
0.308 20.619 20.792 21.053 20.856 21.281 22.222 20.992 21.263 21.920 22.472 22.500 23.533 23.220 22.423 
0.326 20.726 20.910 21.234 21.144 21.663 22.114 21.229 21.445 22.369 22.526 22.360 23.128 23.112 22.508 
0.345 20.747 20.981 21.197 21.848 21.601 22.572 21.293 21.875 22.590 21.914 22.033 22.810 23.392 22.212 
0.366 21.023 20.993 21.626 21.747 21.567 22.309 21.546 21.683 22.269 22.415 22.490 22.681 21.583 22.467 
0.387 20.852 21.159 21.438 21.112 21.499 21.320 21.210 21.344 21.848 22.266 22.711 22.869 22.899 22.260 
0.410 21.029 21.146 21.509 21.352 21.425 21.434 21.410 21.428 21.695 22.341 22.544 21.892 23.019 22.036 
0.435 21.066 21.131 21.313 21.491 21.921 22.160 21.429 21.700 22.038 22.069 21.659 21.567 22.886 21.871 
0.461 21.157 21.232 21.474 21.767 22.110 22.224 21.472 22.080 21.891 22.048 22.416 22.337 22.182 22.146 
0.488 21.121 21.198 21.536 21.561 22.099 21.833 21.456 21.841 22.059 22.148 21.879 22.017 22.393 22.066 
0.517 21.202 21.206 21.545 21.547 21.851 21.584 21.494 21.627 21.812 21.775 22.437 22.728 22.648 22.036 
0.547 21.390 21.320 21.438 21.549 21.593 22.044 21.397 21.778 22.079 22.150 22.192 22.105 22.086 22.144 
0.580 21.458 21.421 21.755 21.610 21.957 21.837 21.605 21.905 21.680 21.896 22.098 21.823 22.245 21.894 
0.614 21.413 21.399 21.473 21.834 21.965 21.945 21.516 21.961 21.807 21.977 22.084 21.844 22.255 21.948 
0.651 21.590 21.471 21.560 21.720 21.594 21.467 21.585 21.513 21.816 21.917 22.186 22.152 22.407 22.026 
0.689 21.565 21.466 21.633 21.515 21.558 21.863 21.592 21.575 21.939 21.873 21.957 22.105 22.259 21.973 
0.730 21.609 21.532 21.513 21.475 21.698 21.845 21.509 21.622 21.759 21.930 22.079 22.061 21.939 21.945 
0.773 21.755 21.549 21.605 21.504 21.551 21.576 21.565 21.513 21.699 21.808 21.850 22.017 22.023 21.832 
0.819 21.853 21.608 21.550 21.544 21.506 21.726 21.537 21.588 21.817 21.701 21.971 21.642 21.587 21.765 
0.868 21.934 21.670 21.682 21.673 21.601 21.933 21.641 21.740 21.974 21.820 21.869 21.965 22.056 21.925 
0.919 22.102 21.738 21.729 21.707 21.661 21.857 21.710 21.735 21.828 21.884 21.891 22.088 21.978 21.896 
0.974 22.251 21.784 21.769 21.624 21.666 21.825 21.735 21.655 21.799 21.881 21.874 22.008 22.017 21.892 
1.032 22.218 21.912 21.830 21.732 21.787 21.813 21.815 21.764 21.856 21.862 21.895 21.991 22.180 21.899 
1.093 22.690 22.046 21.869 21.766 21.776 21.714 21.879 21.744 21.792 21.826 21.943 21.938 22.007 21.861 
1.158 22.786 22.195 21.921 21.785 21.710 21.980 21.957 21.755 21.923 21.788 21.746 21.919 21.942 21.829 
1.226 23.076 22.276 22.015 21.854 21.684 21.883 22.007 21.752 21.830 21.765 21.769 21.832 21.949 21.798 
1.299 23.203 22.414 22.056 21.810 21.762 21.743 22.033 21.747 21.795 21.645 21.864 21.838 21.992 21.772 
1.376 23.417 22.390 22.076 21.815 21.712 21.939 22.044 21.789 21.881 21.746 21.892 21.971 21.917 21.864 
1.458 23.594 22.612 22.112 21.877 21.787 21.835 22.126 21.798 21.798 21.689 21.813 21.850 21.956 21.777 
1.544 24.031 22.732 22.260 21.924 21.943 21.766 22.232 21.848 21.747 21.731 21.785 21.833 21.987 21.775 
1.636 24.367 22.837 22.252 21.990 21.889 21.763 22.251 21.866 21.749 21.637 21.753 21.840 21.874 21.740 
1.733 24.650 23.102 22.334 22.006 21.880 21.835 22.366 21.855 21.827 21.716 21.836 21.731 21.796 21.786 
1.836 25.074 23.265 22.460 22.105 22.049 21.998 22.480 22.018 21.896 21.703 21.714 21.713 21.891 21.762 
1.944 25.113 23.493 22.616 22.301 22.042 21.968 22.664 22.051 21.843 21.751 21.822 21.782 21.876 21.801 
2.060 25.621 23.687 22.800 22.366 22.124 22.059 22.823 22.126 21.967 21.821 21.801 21.863 21.833 21.861 
2.182 26.171 23.805 22.899 22.482 22.247 22.112 22.920 22.223 22.048 21.825 21.833 21.911 21.870 21.908 
2.311 26.556 23.969 22.960 22.559 22.309 22.134 23.010 22.269 22.038 21.848 21.852 21.940 21.894 21.931 
2.448 26.833 24.176 23.124 22.711 22.431 22.314 23.185 22.417 22.150 21.891 21.905 21.960 21.926 21.978 
2.594 27.161 24.365 23.190 22.817 22.482 22.321 23.271 22.475 22.201 21.948 21.930 21.933 21.931 22.009 
2.747 27.558 24.505 23.310 22.847 22.589 22.328 23.376 22.516 22.176 21.975 21.943 21.998 21.940 22.030 
2.910 27.720 24.707 23.450 22.986 22.651 22.356 23.523 22.605 22.236 21.977 21.944 22.057 21.994 22.056 
3.083 27.853 24.848 23.578 23.128 22.694 22.414 23.653 22.678 22.254 22.015 21.948 22.028 21.882 22.066 
3.266 28.398 25.049 23.672 23.201 22.716 22.495 23.749 22.732 22.328 22.088 21.942 22.034 21.964 22.100 
3.459 29.246 25.297 23.798 23.310 22.863 22.514 23.874 22.834 22.344 22.107 21.982 22.046 21.888 22.118 
3.665 29.828 25.779 23.999 23.384 22.919 22.642 24.066 22.921 22.424 22.145 21.960 22.096 21.918 22.150 
3.882 30.069 26.219 24.395 23.606 23.071 22.687 24.414 23.057 22.538 22.191 21.961 22.101 21.932 22.181 
4.112 31.189 26.654 24.759 23.841 23.271 22.748 24.688 23.231 22.545 22.241 21.969 22.117 21.952 22.210 
4.356 30.979 26.836 25.053 23.948 23.358 22.819 24.860 23.336 22.599 22.294 21.970 22.110 21.966 22.235 
4.614 31.419 27.180 25.269 24.136 23.587 22.946 25.044 23.544 22.710 22.327 21.961 22.146 21.991 22.271 
4.888 31.912 27.497 25.565 24.164 23.662 23.015 25.218 23.587 22.828 22.437 21.986 22.141 21.995 22.317 
5.178 35.246 27.643 25.826 24.353 23.847 23.147 25.412 23.778 22.877 22.471 22.004 22.114 21.984 22.339 
5.485 34.419 27.817 26.122 24.466 24.000 23.248 25.609 23.906 22.977 22.567 22.019 22.130 22.020 22.389 
5.810 35.590 28.091 26.504 24.619 24.153 23.307 25.786 24.037 23.070 22.627 22.035 22.113 22.011 22.423 
6.155 35.618 28.461 26.645 24.707 24.303 23.519 25.943 24.206 23.206 22.709 22.049 22.125 22.026 22.462 
6.520 36.535 28.640 26.787 24.907 24.447 23.668 26.125 24.372 23.318 22.805 22.079 22.111 22.068 22.503 
6.906 34.219 29.065 27.131 25.107 24.697 23.759 26.392 24.531 23.407 22.907 22.129 22.095 22.067 22.552 
7.316 38.215 29.151 27.430 25.366 24.829 23.955 26.649 24.707 23.571 22.998 22.180 22.150 22.105 22.624 
7.750 41.511 29.844 27.800 25.707 25.112 24.101 26.989 24.953 23.667 23.088 22.196 22.120 22.111 22.649 
8.210 54.199 30.840 28.489 26.060 25.307 24.284 27.496 25.132 23.838 23.235 22.261 22.125 22.154 22.714 
8.696 60.195 31.596 28.878 26.706 25.783 24.529 28.101 25.541 24.069 23.405 22.327 22.141 22.143 22.792 
9.212 nan 32.305 29.570 27.185 26.089 24.873 28.664 25.890 24.243 23.531 22.401 22.130 22.209 22.854 
9.759 54.560 32.860 30.541 27.816 26.434 25.160 29.281 26.227 24.488 23.685 22.499 22.201 22.273 22.959 
10.337 72.770 35.103 31.028 28.113 27.012 25.512 29.641 26.659 24.786 23.873 22.584 22.213 22.331 23.042 
10.950 77.058 34.118 31.072 28.579 27.339 25.768 30.175 26.945 24.980 24.036 22.673 22.257 22.397 23.127 
11.600 nan 37.145 31.707 29.157 27.621 26.114 30.917 27.308 25.243 24.223 22.788 22.331 22.456 23.235 
12.288 nan 37.617 32.821 29.572 28.153 26.510 31.443 27.787 25.505 24.336 22.877 22.416 22.555 23.338 
13.016 76.719 36.796 33.163 29.935 28.670 26.783 31.766 28.172 25.693 24.556 23.040 22.531 22.629 23.483 
13.788 90.684 39.255 33.020 31.165 28.915 27.171 32.601 28.645 26.008 24.707 23.158 22.647 22.760 23.610 
14.606 89.457 39.595 35.427 31.082 29.607 27.616 32.984 29.167 26.349 24.861 23.289 22.779 22.903 23.748 
15.472 91.489 52.461 36.167 32.139 30.233 28.038 34.315 29.611 26.650 25.129 23.479 22.952 23.065 23.935 
16.390 nan 42.666 39.659 32.096 30.848 28.466 34.355 30.017 27.092 25.335 23.654 23.133 23.228 24.121 
17.362 94.321 58.262 41.239 33.156 30.907 28.936 34.706 30.324 27.273 25.486 23.863 23.332 23.402 24.308 
18.392 nan 46.996 43.254 35.098 31.442 29.248 39.133 30.998 27.629 25.752 24.038 23.510 23.597 24.493 
19.482 nan 57.140 37.442 34.883 31.962 29.777 36.403 31.429 27.908 25.956 24.281 23.784 23.746 24.741 
20.638 99.388 61.645 46.764 36.145 32.863 30.352 38.269 31.997 28.206 26.118 24.578 24.147 23.988 25.056 
21.862 98.999 57.033 43.282 35.808 31.772 30.506 38.669 31.629 28.303 26.263 24.834 24.420 24.184 25.297 
23.158 101.463 43.095 41.738 34.382 31.430 30.559 35.906 31.639 28.313 26.238 25.050 24.704 24.332 25.490 
24.532 102.006 52.277 35.932 33.889 30.815 30.307 35.304 31.020 28.439 26.290 25.317 25.096 24.600 25.762 
25.987 nan nan 39.214 34.668 31.992 30.677 36.731 31.783 28.649 26.489 25.561 25.536 24.723 26.050 
27.528 nan nan 45.259 35.360 31.956 30.833 38.226 31.977 29.011 26.705 25.706 25.763 24.860 26.226 
29.160 105.189 86.655 46.968 36.538 33.047 31.505 41.158 32.920 29.450 27.014 25.913 25.955 25.014 26.440 
30.890 inf inf inf inf inf inf inf inf inf inf inf inf inf inf 
