# t[days] lsstu lsstg lsstr lssti lsstz lssty f062 f087 f106 f129 f158 f184 f213 f146 
0.103 22.145 22.898 24.056 25.190 24.881 25.351 24.190 25.169 25.639 25.212 24.962 30.582 25.012 25.358 
0.109 19.666 19.702 20.561 20.568 21.824 20.364 20.316 22.106 20.218 27.028 27.232 24.071 31.539 21.439 
0.116 18.636 19.512 20.098 22.355 19.024 20.337 20.366 19.576 21.043 23.555 23.761 23.297 25.221 22.044 
0.122 18.564 19.165 19.938 19.819 21.552 21.804 19.530 21.393 21.008 21.460 22.997 23.701 24.091 21.639 
0.130 18.768 18.661 19.401 19.251 19.016 21.353 19.160 19.432 20.824 21.629 20.244 22.400 22.403 20.792 
0.137 18.559 18.762 19.769 20.183 19.828 20.286 19.584 20.074 20.385 20.042 21.204 20.859 23.376 20.380 
0.145 18.550 18.748 18.959 19.803 20.931 20.341 19.120 20.190 20.234 20.704 23.508 21.056 20.343 21.002 
0.154 18.430 18.587 18.915 19.585 19.021 19.636 19.097 19.087 20.492 21.068 20.629 22.169 22.913 20.934 
0.163 18.416 18.759 19.183 19.962 19.974 19.473 19.162 20.103 19.570 20.241 23.050 20.321 20.743 20.116 
0.173 18.548 18.690 19.003 19.507 19.648 20.314 19.042 19.617 20.101 20.107 20.274 20.134 23.838 20.138 
0.183 18.833 18.936 18.914 19.308 19.419 20.212 18.954 19.662 19.797 19.885 20.106 20.859 19.765 19.997 
0.194 18.673 18.978 19.257 19.711 20.545 19.728 19.371 19.993 20.160 20.189 20.627 20.605 22.224 20.343 
0.206 18.721 18.828 19.320 19.897 19.314 20.129 19.316 19.556 20.366 20.760 20.832 21.304 23.467 20.660 
0.218 18.771 18.860 19.115 19.289 20.145 20.404 19.111 19.879 19.938 20.145 21.378 20.165 20.677 20.278 
0.231 18.819 19.039 19.735 19.705 19.999 19.449 19.640 19.586 19.932 20.239 21.085 20.897 21.865 20.357 
0.244 19.068 19.217 19.309 19.461 19.225 19.614 19.358 19.411 19.653 19.599 20.399 20.947 21.019 20.027 
0.259 19.165 19.290 19.290 19.626 20.033 19.841 19.375 19.915 19.976 20.062 20.567 20.640 21.215 20.237 
0.274 19.193 19.151 19.370 19.292 19.673 20.102 19.290 19.678 19.981 19.922 20.089 20.718 21.810 20.114 
0.290 19.317 19.186 19.317 19.488 19.478 19.600 19.333 19.501 19.648 19.846 20.484 20.680 20.415 20.078 
0.308 19.453 19.339 19.238 19.468 19.811 19.969 19.293 19.745 19.769 19.874 20.356 20.858 20.767 20.057 
0.326 19.427 19.271 19.337 19.402 19.142 19.495 19.337 19.306 19.572 19.477 20.225 20.582 20.603 19.818 
0.345 19.646 19.344 19.380 19.330 19.491 19.379 19.349 19.355 19.565 19.653 20.160 19.969 20.369 19.767 
0.366 19.849 19.348 19.350 19.232 19.461 19.351 19.320 19.344 19.400 19.544 19.876 20.688 20.574 19.701 
0.387 20.113 19.476 19.282 19.185 19.156 19.431 19.285 19.236 19.421 19.482 19.807 20.407 20.491 19.675 
0.410 20.469 19.611 19.324 19.272 19.242 19.290 19.345 19.238 19.347 19.447 19.572 19.777 20.126 19.523 
0.435 20.609 19.719 19.454 19.144 19.192 19.207 19.387 19.178 19.299 19.306 19.489 19.851 20.198 19.463 
0.461 20.803 19.959 19.688 19.478 19.382 19.582 19.639 19.462 19.417 19.408 19.454 19.673 19.922 19.475 
0.488 21.065 20.177 19.803 19.565 19.456 19.465 19.767 19.508 19.444 19.392 19.482 19.885 19.609 19.507 
0.517 21.389 20.434 19.862 19.748 19.736 19.570 19.901 19.693 19.630 19.575 19.640 19.915 20.013 19.655 
0.547 21.730 20.594 20.123 19.810 19.751 19.740 20.108 19.759 19.656 19.557 19.698 19.760 19.988 19.673 
0.580 21.860 20.738 20.167 19.903 19.789 19.945 20.146 19.863 19.808 19.626 19.615 19.648 20.064 19.675 
0.614 22.057 20.934 20.440 20.076 19.935 19.969 20.405 19.970 19.924 19.652 19.687 19.717 20.106 19.754 
0.651 22.411 21.186 20.574 20.251 20.017 20.188 20.567 20.099 20.026 19.735 19.713 19.753 20.025 19.831 
0.689 22.720 21.488 20.749 20.379 20.132 20.260 20.736 20.236 20.148 19.866 19.770 19.807 20.063 19.908 
0.730 22.910 21.749 20.983 20.491 20.126 20.202 20.933 20.226 20.108 19.885 19.858 19.980 20.078 19.960 
0.773 23.418 22.012 21.051 20.569 20.282 20.270 21.023 20.333 20.261 19.890 19.849 20.017 20.026 19.985 
0.819 23.707 22.296 21.319 20.739 20.507 20.406 21.273 20.504 20.307 19.987 19.951 20.051 20.300 20.071 
0.868 24.005 22.788 21.687 20.932 20.584 20.484 21.600 20.598 20.422 20.013 19.967 20.063 20.248 20.124 
0.919 24.139 23.028 21.895 21.132 20.698 20.667 21.775 20.769 20.559 20.074 19.903 20.004 20.207 20.142 
0.974 24.521 23.238 22.083 21.344 20.868 20.865 22.016 20.955 20.640 20.149 20.057 20.122 20.285 20.233 
1.032 24.610 23.313 22.275 21.401 21.033 20.966 22.128 21.099 20.742 20.166 20.097 20.127 20.294 20.280 
1.093 25.197 23.684 22.452 21.650 21.206 21.057 22.356 21.237 20.860 20.294 20.182 20.217 20.299 20.382 
1.158 26.146 24.159 22.558 21.907 21.390 21.244 22.568 21.429 21.037 20.341 20.218 20.280 20.495 20.448 
1.226 26.129 24.295 22.799 22.049 21.612 21.433 22.739 21.643 21.119 20.441 20.348 20.356 20.416 20.562 
1.299 26.909 24.426 22.922 22.183 21.676 21.581 22.880 21.741 21.225 20.551 20.369 20.447 20.668 20.633 
1.376 27.441 24.998 23.431 22.517 21.905 21.612 23.357 21.941 21.271 20.615 20.449 20.508 20.725 20.702 
1.458 26.906 25.369 23.694 22.579 22.135 21.854 23.588 22.102 21.459 20.648 20.586 20.641 20.707 20.809 
1.544 28.727 25.380 23.722 22.954 22.372 21.984 23.712 22.364 21.521 20.759 20.586 20.585 20.695 20.846 
1.636 28.356 26.129 24.235 23.094 22.580 22.164 24.092 22.553 21.620 20.824 20.684 20.674 20.771 20.920 
1.733 29.120 26.164 24.390 23.435 22.741 22.289 24.286 22.747 21.757 20.962 20.726 20.745 20.857 21.016 
1.836 28.758 26.476 24.690 23.630 22.958 22.455 24.538 22.985 21.855 20.981 20.783 20.765 20.822 21.048 
1.944 29.600 26.875 24.883 23.705 23.132 22.548 24.695 23.082 21.978 21.045 20.788 20.825 20.852 21.109 
2.060 30.218 27.235 25.179 24.087 23.287 22.703 25.095 23.266 22.066 21.111 20.781 20.807 20.819 21.129 
2.182 29.662 27.704 25.449 24.176 23.562 22.770 25.285 23.411 22.182 21.192 20.833 20.842 20.845 21.190 
2.311 30.662 28.216 25.892 24.384 23.782 22.927 25.547 23.658 22.260 21.226 20.791 20.817 20.893 21.188 
2.448 42.855 28.044 26.232 24.589 23.927 23.053 25.742 23.802 22.414 21.285 20.793 20.805 20.889 21.213 
2.594 39.922 29.205 26.450 24.955 24.178 23.307 26.095 24.075 22.517 21.316 20.797 20.820 20.907 21.237 
2.747 38.617 28.672 26.591 25.047 24.312 23.481 26.265 24.198 22.638 21.388 20.797 20.811 20.904 21.263 
2.910 34.417 29.565 27.031 25.442 24.406 23.550 26.697 24.321 22.742 21.457 20.832 20.829 20.879 21.303 
3.083 32.055 30.068 27.494 25.655 24.765 23.682 26.969 24.596 22.841 21.549 20.861 20.849 20.909 21.349 
3.266 44.832 30.313 27.499 25.862 24.917 23.859 27.070 24.768 22.961 21.596 20.873 20.893 20.887 21.386 
3.459 42.198 30.770 28.251 26.186 25.053 24.036 27.493 24.961 23.063 21.657 20.905 20.898 20.942 21.419 
3.665 49.813 31.512 28.410 26.374 25.304 24.097 27.741 25.093 23.117 21.747 20.928 20.914 20.962 21.460 
3.882 nan 32.125 28.686 26.472 25.470 24.217 27.813 25.258 23.248 21.822 20.948 20.911 20.998 21.487 
4.112 nan 32.081 29.201 27.078 25.698 24.364 28.594 25.417 23.349 21.914 21.022 20.961 21.047 21.560 
4.356 nan 31.131 29.272 27.485 25.785 24.578 28.832 25.612 23.495 22.003 21.073 20.989 21.092 21.613 
4.614 77.143 33.203 30.020 27.538 26.106 24.722 29.170 25.819 23.664 22.115 21.136 21.047 21.145 21.690 
4.888 71.364 39.351 30.774 28.078 26.402 24.843 29.807 26.068 23.843 22.269 21.199 21.088 21.201 21.763 
5.178 68.369 35.581 31.954 28.638 26.975 25.159 30.765 26.495 23.991 22.362 21.289 21.168 21.319 21.861 
5.485 74.880 36.896 33.187 29.132 26.964 25.544 31.247 26.762 24.243 22.530 21.412 21.244 21.421 21.973 
5.810 84.631 51.694 33.513 29.593 27.252 25.814 31.359 27.138 24.449 22.709 21.548 21.392 21.601 22.129 
6.155 nan 53.821 34.203 29.365 27.477 26.008 32.750 27.219 24.726 22.909 21.703 21.513 21.749 22.283 
6.520 nan 57.306 32.617 30.386 27.756 26.458 31.571 27.737 24.968 23.106 21.844 21.616 21.936 22.420 
6.906 nan 54.025 32.488 30.265 28.590 26.617 31.950 28.053 25.228 23.336 22.033 21.758 22.149 22.603 
7.316 90.339 53.843 36.828 31.476 28.730 27.089 35.953 28.530 25.510 23.485 22.249 21.926 22.286 22.790 
7.750 92.349 63.538 37.731 29.880 29.666 27.638 34.044 28.903 25.694 23.640 22.433 22.109 22.458 22.964 
8.210 nan 57.266 39.283 33.609 29.825 27.879 35.407 29.452 25.887 23.812 22.683 22.336 22.646 23.193 
8.696 95.261 54.733 39.488 35.068 29.760 28.055 37.344 29.479 26.115 23.950 22.919 22.549 22.775 23.398 
9.212 92.131 48.174 35.406 32.629 30.334 28.074 34.450 29.724 26.088 24.024 23.130 22.723 22.864 23.563 
9.759 87.521 46.144 34.478 31.623 29.359 27.868 34.231 29.256 25.917 24.055 23.326 22.943 22.982 23.730 
10.337 93.309 36.584 34.661 30.046 28.296 27.192 32.834 28.287 25.664 24.050 23.474 23.145 22.994 23.847 
10.950 nan 38.651 33.077 29.984 28.183 27.107 32.266 28.073 25.639 24.098 23.560 23.316 23.059 23.954 
11.600 101.840 38.142 32.728 30.142 28.443 27.195 32.323 28.307 25.746 24.256 23.735 23.458 23.217 24.115 
12.288 103.538 37.989 34.737 30.599 28.671 27.485 34.291 28.570 26.018 24.336 23.840 23.603 23.267 24.245 
13.016 104.079 43.642 37.556 30.987 29.253 27.717 35.573 28.941 26.201 24.502 23.950 23.755 23.345 24.390 
13.788 112.894 nan 38.936 31.081 29.592 28.029 34.100 29.270 26.525 24.584 24.045 23.837 23.438 24.492 
14.606 nan 80.407 37.563 32.913 30.321 28.565 35.784 29.943 26.911 24.791 24.189 24.014 23.603 24.667 
15.472 nan 82.175 43.301 32.979 30.748 28.841 37.619 30.241 27.267 24.936 24.338 24.141 23.712 24.822 
16.390 109.043 82.475 45.489 32.262 31.334 28.970 38.284 30.576 27.560 25.189 24.539 24.356 23.926 25.037 
17.362 109.880 84.177 nan 35.343 31.272 29.444 38.376 30.834 28.086 25.458 24.923 24.728 24.256 25.397 
18.392 nan nan 79.763 34.429 31.230 29.838 53.820 31.065 28.738 25.929 25.312 25.167 24.735 25.840 
19.482 nan 87.830 81.967 nan 32.503 30.704 65.773 32.244 29.634 26.642 26.125 26.014 25.596 26.654 
20.638 114.802 88.535 84.861 nan 34.717 32.183 nan 33.093 32.209 28.490 28.016 27.757 26.968 28.466 
21.862 115.686 89.434 nan nan 76.041 nan 81.064 nan 47.608 31.831 30.576 29.120 28.093 30.467 
23.158 118.830 91.540 87.920 79.503 nan nan 82.911 nan 74.981 33.512 32.065 30.027 28.457 31.477 
24.532 118.588 91.997 90.851 nan nan nan 84.748 nan 75.046 35.606 31.959 30.944 28.669 32.154 
25.987 120.099 93.575 nan nan 78.196 77.742 86.637 nan 75.790 55.165 33.593 30.344 29.366 31.846 
27.528 120.617 nan nan nan 80.096 nan 87.173 nan 76.731 69.695 33.248 31.148 29.523 32.597 
29.160 121.012 nan 91.084 nan nan 77.434 nan 79.411 77.441 75.523 35.298 31.685 31.225 33.262 
30.890 inf inf inf inf inf inf inf inf inf inf inf inf inf inf 
