# t[days] lsstu lsstg lsstr lssti lsstz lssty f062 f087 f106 f129 f158 f184 f213 f146 
0.103 24.276 23.972 22.755 26.476 29.754 26.130 23.313 27.192 26.752 28.878 28.822 37.682 32.608 27.786 
0.109 21.245 22.234 22.164 24.533 21.305 26.303 22.480 22.086 23.415 21.713 27.011 28.921 27.805 22.927 
0.116 19.906 21.118 21.485 22.339 22.934 23.379 21.303 23.425 23.845 25.426 24.738 27.108 43.884 24.650 
0.122 20.810 20.791 20.817 22.337 22.696 22.734 21.110 22.285 23.701 24.042 27.095 28.548 31.419 24.318 
0.130 19.990 20.513 22.398 21.262 22.509 20.492 21.309 21.495 21.115 24.757 24.876 27.867 25.277 22.317 
0.137 19.957 19.981 21.365 20.445 22.328 23.378 20.541 22.324 23.428 24.353 22.077 24.617 25.920 22.915 
0.145 19.277 20.362 20.490 20.771 21.397 21.565 20.447 21.478 22.192 24.483 21.591 21.252 27.692 22.278 
0.154 19.602 20.102 20.514 21.368 21.484 22.194 20.574 21.900 21.741 23.794 25.657 22.941 24.953 22.702 
0.163 19.565 19.865 21.003 21.309 20.911 21.991 20.593 21.312 21.525 21.234 24.277 22.811 25.490 21.873 
0.173 19.439 19.976 20.416 20.526 21.449 20.495 20.374 20.984 20.810 21.914 21.961 28.014 26.930 21.654 
0.183 19.508 19.887 20.454 20.833 21.035 22.248 20.508 21.099 22.593 23.126 24.038 24.280 23.540 23.271 
0.194 19.693 19.945 20.494 21.283 20.983 21.708 20.561 21.319 21.982 22.570 21.514 22.090 23.103 21.843 
0.206 19.799 20.138 21.311 20.955 20.171 20.669 20.870 20.372 21.023 21.765 21.848 23.929 24.333 21.605 
0.218 19.667 20.147 20.566 20.529 21.200 21.314 20.518 21.069 21.412 21.869 22.128 23.554 23.811 21.868 
0.231 19.620 19.956 20.864 20.619 21.942 21.718 20.636 21.269 21.818 21.585 22.508 22.440 23.656 21.990 
0.244 19.850 20.515 20.997 21.448 21.511 21.338 21.006 21.563 21.693 23.138 23.218 22.812 23.357 22.452 
0.259 20.056 20.304 20.679 20.838 22.008 20.830 20.573 21.414 21.197 22.093 22.314 22.025 23.952 21.793 
0.274 19.994 20.247 20.930 21.177 22.133 22.088 20.835 21.813 22.327 22.380 22.536 23.065 22.668 22.445 
0.290 20.035 20.526 20.949 21.222 21.938 21.424 20.926 21.580 21.798 22.280 22.620 23.183 23.234 22.364 
0.308 20.178 20.513 21.213 21.356 21.548 21.595 21.069 21.512 21.671 21.572 22.354 21.977 22.873 21.795 
0.326 20.025 20.360 20.707 21.282 21.252 21.458 20.730 21.428 21.616 22.133 22.548 23.479 24.370 22.144 
0.345 20.127 20.597 20.694 20.874 21.144 21.572 20.765 21.152 21.713 21.903 22.530 23.056 23.136 22.090 
0.366 20.177 20.496 20.849 21.263 21.326 21.545 20.885 21.390 21.586 21.732 22.182 23.173 22.994 21.928 
0.387 20.167 20.506 20.718 21.037 21.000 21.082 20.767 20.971 21.283 21.598 22.675 23.143 23.476 21.816 
0.410 20.257 20.567 21.052 21.224 21.190 21.216 20.997 21.206 21.494 21.660 21.629 22.274 22.931 21.747 
0.435 20.403 20.506 20.846 20.723 20.935 21.377 20.747 20.977 21.337 21.750 22.603 23.058 22.404 21.899 
0.461 20.387 20.530 20.909 20.937 21.455 21.164 20.814 21.275 21.347 21.550 21.715 22.447 23.010 21.630 
0.488 20.409 20.583 20.636 20.944 21.164 20.993 20.703 21.057 21.176 21.273 21.869 22.238 22.099 21.486 
0.517 20.444 20.535 20.541 20.770 20.938 21.023 20.598 20.898 21.088 21.099 21.609 21.649 22.556 21.311 
0.547 20.627 20.514 20.649 20.656 20.713 20.754 20.629 20.691 20.981 21.183 21.628 22.302 21.987 21.322 
0.580 20.695 20.534 20.549 20.505 20.704 20.746 20.535 20.653 20.716 21.018 21.276 21.777 21.787 21.080 
0.614 20.951 20.609 20.521 20.652 20.604 20.798 20.535 20.689 20.746 20.834 20.961 21.574 21.822 20.945 
0.651 21.110 20.673 20.523 20.583 20.678 20.612 20.526 20.665 20.658 20.716 21.221 21.426 21.711 20.931 
0.689 21.493 20.832 20.525 20.525 20.617 20.685 20.556 20.623 20.710 20.820 21.139 21.342 21.490 20.947 
0.730 21.788 20.948 20.688 20.529 20.595 20.585 20.682 20.546 20.586 20.742 21.025 21.319 21.605 20.854 
0.773 22.241 21.210 20.809 20.716 20.623 20.672 20.819 20.657 20.674 20.654 20.869 21.420 21.280 20.832 
0.819 22.559 21.414 20.953 20.681 20.729 20.783 20.922 20.711 20.816 20.723 20.946 21.383 21.433 20.924 
0.868 23.002 21.633 21.137 20.816 20.770 20.796 21.075 20.776 20.863 20.805 20.911 21.243 21.506 20.916 
0.919 23.409 21.911 21.407 21.057 20.881 20.916 21.353 20.911 20.948 20.877 20.993 21.299 21.365 20.993 
0.974 23.723 22.245 21.585 21.186 20.960 21.057 21.533 21.019 21.046 20.836 21.007 21.214 21.463 21.000 
1.032 23.922 22.532 21.802 21.413 21.171 21.194 21.776 21.191 21.213 20.941 20.983 21.300 21.522 21.096 
1.093 24.489 22.822 22.052 21.523 21.354 21.353 21.994 21.338 21.354 21.110 21.080 21.307 21.629 21.205 
1.158 24.615 23.127 22.326 21.706 21.553 21.586 22.240 21.544 21.589 21.261 21.119 21.304 21.515 21.310 
1.226 25.144 23.500 22.555 21.966 21.790 21.667 22.491 21.758 21.707 21.386 21.193 21.410 21.482 21.425 
1.299 25.612 23.841 22.816 22.194 21.820 21.803 22.743 21.861 21.870 21.466 21.241 21.459 21.531 21.501 
1.376 25.817 24.148 23.013 22.247 21.998 21.902 22.934 21.955 21.939 21.538 21.329 21.366 21.661 21.544 
1.458 26.250 24.435 23.230 22.476 22.119 22.195 23.173 22.171 22.126 21.601 21.461 21.646 21.715 21.697 
1.544 26.778 24.635 23.491 22.718 22.385 22.283 23.378 22.404 22.224 21.685 21.495 21.568 21.775 21.722 
1.636 27.262 25.004 23.698 22.865 22.559 22.377 23.621 22.520 22.260 21.731 21.503 21.580 21.766 21.759 
1.733 27.682 25.329 23.965 23.133 22.650 22.612 23.886 22.686 22.400 21.824 21.610 21.756 21.874 21.887 
1.836 27.955 25.734 24.182 23.421 22.944 22.851 24.142 22.991 22.562 21.904 21.702 21.853 21.860 21.991 
1.944 28.063 26.142 24.509 23.598 23.160 23.084 24.391 23.192 22.778 22.037 21.783 21.812 21.983 22.088 
2.060 28.808 26.213 24.626 23.849 23.394 23.265 24.630 23.392 22.931 22.152 21.889 22.011 22.038 22.211 
2.182 28.398 26.731 25.053 24.141 23.584 23.298 24.949 23.575 23.022 22.192 21.957 22.105 22.124 22.285 
2.311 29.917 26.976 25.369 24.396 23.726 23.443 25.261 23.772 23.086 22.281 22.044 22.198 22.201 22.361 
2.448 30.030 27.464 25.674 24.684 24.037 23.690 25.571 24.035 23.245 22.396 22.137 22.261 22.240 22.466 
2.594 31.004 27.924 25.850 25.011 24.266 23.836 25.807 24.289 23.377 22.479 22.121 22.291 22.295 22.504 
2.747 31.361 28.196 26.339 25.124 24.467 24.008 26.111 24.480 23.442 22.523 22.182 22.279 22.285 22.552 
2.910 32.007 28.982 26.782 25.396 24.873 24.254 26.493 24.788 23.646 22.646 22.249 22.336 22.326 22.646 
3.083 35.151 29.168 27.227 25.859 25.075 24.368 26.986 24.980 23.782 22.731 22.255 22.335 22.353 22.683 
3.266 33.266 29.124 27.281 26.046 25.243 24.539 27.092 25.223 23.846 22.773 22.319 22.387 22.367 22.740 
3.459 36.828 30.294 27.932 26.395 25.525 24.695 27.645 25.424 23.984 22.840 22.320 22.339 22.410 22.753 
3.665 43.575 30.226 28.042 26.534 25.611 24.737 27.781 25.519 23.997 22.820 22.261 22.301 22.303 22.718 
3.882 39.738 30.786 28.183 26.562 25.755 24.947 27.758 25.706 24.133 22.852 22.261 22.235 22.287 22.720 
4.112 39.527 30.701 28.537 26.714 26.137 25.002 28.143 25.915 24.124 22.862 22.242 22.199 22.275 22.701 
4.356 43.786 31.589 28.769 27.038 26.048 25.000 28.340 25.906 24.164 22.871 22.194 22.148 22.234 22.671 
4.614 38.643 31.392 28.908 27.055 26.250 25.065 28.446 26.008 24.167 22.880 22.196 22.115 22.220 22.663 
4.888 35.597 31.689 29.259 27.251 26.378 25.307 28.547 26.262 24.232 22.868 22.170 22.087 22.202 22.646 
5.178 41.113 31.896 29.115 27.318 26.361 25.236 28.599 26.234 24.282 22.894 22.162 22.075 22.218 22.647 
5.485 62.596 32.383 29.981 27.476 26.539 25.401 28.976 26.368 24.347 22.947 22.201 22.098 22.246 22.683 
5.810 53.800 32.668 29.981 27.521 26.613 25.486 29.050 26.444 24.379 22.961 22.205 22.122 22.262 22.701 
6.155 49.469 33.447 30.133 27.827 27.044 25.620 29.298 26.731 24.550 23.075 22.272 22.179 22.338 22.782 
6.520 75.328 34.176 30.847 27.931 27.144 25.813 29.675 26.858 24.688 23.219 22.346 22.200 22.388 22.852 
6.906 nan 36.770 30.834 28.625 27.426 26.003 30.349 27.124 24.883 23.354 22.441 22.274 22.491 22.956 
7.316 66.394 37.755 32.010 29.002 27.742 26.244 30.782 27.454 25.074 23.487 22.537 22.353 22.542 23.057 
7.750 nan 41.220 33.353 29.717 27.907 26.620 31.796 27.751 25.261 23.663 22.625 22.397 22.662 23.149 
8.210 86.371 41.152 34.204 30.301 28.386 26.870 32.093 28.113 25.570 23.836 22.724 22.453 22.775 23.254 
8.696 89.200 45.919 33.013 30.511 29.210 27.226 32.161 28.675 25.838 23.978 22.846 22.508 22.854 23.355 
9.212 88.525 40.575 34.287 30.919 29.334 27.531 32.658 28.869 26.029 24.142 22.940 22.576 22.968 23.447 
9.759 88.877 61.258 35.756 31.180 29.512 27.756 32.890 29.220 26.151 24.268 23.079 22.678 23.113 23.564 
10.337 90.665 49.905 33.438 31.966 29.953 27.988 33.685 29.468 26.376 24.429 23.225 22.824 23.244 23.711 
10.950 83.579 58.880 37.474 32.129 30.205 28.482 33.672 29.989 26.501 24.609 23.386 23.001 23.371 23.881 
11.600 94.280 55.830 37.725 32.502 30.280 29.069 34.947 30.334 26.681 24.759 23.547 23.174 23.477 24.042 
12.288 96.484 53.814 35.942 33.291 31.086 29.211 34.196 30.949 26.970 24.929 23.731 23.329 23.595 24.207 
13.016 98.494 49.484 35.616 33.341 31.413 29.794 35.286 31.475 27.159 25.126 23.938 23.510 23.735 24.397 
13.788 97.802 52.494 38.466 33.593 31.860 29.659 35.245 31.204 27.323 25.300 24.113 23.674 23.827 24.564 
14.606 83.349 45.738 38.176 33.838 30.935 29.867 35.861 31.032 27.413 25.418 24.365 23.890 23.937 24.777 
15.472 101.016 42.466 35.898 32.867 30.322 29.466 34.865 30.515 27.275 25.397 24.526 24.117 23.998 24.921 
16.390 nan 43.686 36.409 32.362 29.573 28.716 35.619 29.636 27.199 25.459 24.638 24.402 24.104 25.080 
17.362 104.919 45.315 34.737 31.762 29.389 28.732 33.704 29.552 27.200 25.532 24.793 24.577 24.163 25.213 
18.392 93.411 45.346 34.800 32.082 29.786 28.939 34.617 29.839 27.371 25.690 24.979 24.796 24.268 25.395 
19.482 nan 48.695 36.582 32.433 30.066 29.167 35.013 30.144 27.559 25.783 25.084 24.919 24.410 25.512 
20.638 nan 52.503 37.454 32.845 30.619 29.671 35.484 30.684 27.910 25.919 25.226 25.132 24.472 25.678 
21.862 109.721 72.296 38.959 33.708 30.956 30.088 35.466 31.022 28.073 26.122 25.352 25.298 24.589 25.826 
23.158 110.522 nan 42.569 33.636 31.899 30.513 37.635 31.679 28.425 26.322 25.481 25.416 24.706 25.967 
24.532 112.265 91.676 45.416 34.654 31.933 30.903 40.558 31.820 28.860 26.654 25.684 25.619 24.863 26.193 
25.987 112.831 74.978 39.778 36.919 32.501 31.632 40.287 32.779 29.213 26.901 25.890 25.782 25.022 26.399 
27.528 nan nan 47.662 35.587 33.551 32.149 36.664 33.494 29.633 27.174 26.147 26.133 25.263 26.690 
29.160 nan nan nan 40.432 34.593 31.994 45.499 33.668 29.993 27.444 26.481 26.481 25.638 27.023 
30.890 inf inf inf inf inf inf inf inf inf inf inf inf inf inf 
