# t[days] lsstu lsstg lsstr lssti lsstz lssty f062 f087 f106 f129 f158 f184 f213 f146 
0.103 21.462 23.004 23.757 22.345 23.178 26.365 23.972 22.536 26.980 27.752 29.012 29.081 38.342 27.954 
0.109 19.617 19.438 19.515 20.028 21.498 23.330 19.415 21.983 22.918 22.578 22.665 28.212 28.946 23.204 
0.116 19.048 19.365 20.274 20.453 20.507 20.570 20.208 20.681 21.420 23.896 25.747 25.111 29.776 22.599 
0.122 19.117 18.865 18.874 18.792 18.854 21.051 18.778 19.419 21.178 21.874 21.959 22.631 24.114 21.580 
0.130 18.818 19.339 20.439 19.494 19.733 20.426 20.221 19.483 21.276 23.731 21.097 25.568 28.969 21.620 
0.137 18.815 19.162 19.451 20.847 20.227 18.701 19.453 19.598 19.662 20.753 20.870 20.096 21.721 20.226 
0.145 18.719 19.201 19.558 19.078 20.217 19.576 19.309 20.156 20.447 20.182 22.134 20.989 20.199 20.524 
0.154 18.634 18.825 18.746 19.384 20.106 20.798 18.970 20.040 19.256 19.418 20.479 20.415 20.659 19.573 
0.163 18.498 18.992 18.745 19.186 20.646 18.989 18.887 19.652 19.227 20.315 22.493 21.707 22.367 20.124 
0.173 18.673 18.527 19.013 19.031 19.701 20.471 18.693 20.035 20.989 18.865 18.576 22.785 22.604 19.530 
0.183 18.585 19.220 19.244 19.700 19.425 20.230 19.401 19.583 20.209 21.198 21.499 23.463 26.294 20.979 
0.194 18.486 18.779 19.317 20.215 19.542 20.183 19.411 19.822 20.497 21.362 20.563 20.030 21.054 20.686 
0.206 18.775 18.804 19.268 19.144 19.468 19.537 19.241 19.171 19.907 20.506 21.241 22.485 22.237 20.675 
0.218 18.751 19.021 19.484 19.109 19.575 19.058 19.434 19.046 19.598 21.678 21.942 22.490 20.428 20.642 
0.231 18.831 19.063 19.516 19.458 19.552 20.417 19.324 19.922 20.291 21.076 21.232 21.898 21.557 20.875 
0.244 18.857 18.955 19.292 19.600 18.806 19.396 19.329 18.993 19.331 20.274 21.085 21.154 20.210 20.199 
0.259 19.096 18.973 19.598 19.858 19.362 19.613 19.465 19.523 19.893 20.397 21.326 21.160 19.186 20.442 
0.274 18.994 19.323 19.207 19.410 20.099 19.376 19.322 19.631 19.196 19.728 20.739 22.293 21.292 20.012 
0.290 18.866 19.201 19.357 19.920 19.770 19.934 19.524 19.686 20.433 20.093 20.905 22.057 21.137 20.518 
0.308 18.941 19.102 19.467 19.505 19.728 19.605 19.346 19.667 19.902 20.970 21.569 21.911 21.916 20.717 
0.326 18.996 19.282 19.825 19.608 20.578 20.919 19.626 20.406 20.874 20.843 20.967 20.303 21.122 20.724 
0.345 19.018 19.363 19.649 19.871 19.944 20.797 19.680 20.123 20.888 21.140 20.512 21.128 22.509 20.834 
0.366 18.929 19.301 19.391 19.884 19.709 21.057 19.501 19.931 20.573 20.518 21.222 21.354 21.598 20.842 
0.387 18.973 19.388 19.766 19.656 20.142 20.373 19.633 20.130 20.423 20.520 21.168 21.595 21.375 20.831 
0.410 19.153 19.373 19.845 19.959 19.982 20.134 19.737 20.111 20.334 20.982 20.690 21.122 21.661 20.688 
0.435 19.100 19.421 19.830 20.080 20.510 20.273 19.790 20.338 20.217 20.329 20.712 20.491 20.791 20.383 
0.461 19.248 19.286 19.835 20.261 19.949 20.407 19.797 20.243 20.320 20.860 20.584 20.867 21.365 20.615 
0.488 19.316 19.451 19.741 19.884 20.451 20.478 19.689 20.343 20.402 20.440 20.688 21.227 20.626 20.659 
0.517 19.465 19.549 19.655 20.017 20.027 19.920 19.692 20.021 20.075 20.228 21.086 21.363 21.360 20.500 
0.547 19.510 19.635 19.921 19.910 19.972 20.424 19.857 20.072 20.295 20.389 20.884 21.041 20.718 20.613 
0.580 19.619 19.720 20.059 20.104 20.406 20.202 19.996 20.321 20.265 20.521 20.589 20.564 20.663 20.488 
0.614 19.578 19.828 19.896 20.208 19.803 20.445 19.939 20.095 20.329 20.601 20.744 20.681 20.953 20.551 
0.651 19.670 19.643 19.886 20.017 19.986 20.419 19.883 20.112 20.398 20.423 20.665 20.446 20.975 20.480 
0.689 19.717 19.685 19.813 19.871 19.894 20.431 19.784 20.050 20.356 20.371 20.692 20.615 20.848 20.518 
0.730 19.824 19.695 19.838 19.794 19.911 20.097 19.775 19.964 20.106 20.278 20.295 20.401 20.718 20.217 
0.773 19.862 19.791 19.773 20.058 20.099 20.089 19.822 20.111 20.191 20.307 20.459 20.221 20.217 20.261 
0.819 19.851 19.776 19.878 19.889 19.938 20.068 19.877 19.885 20.098 20.116 20.539 20.388 20.551 20.245 
0.868 19.909 19.834 19.931 20.008 20.063 20.245 19.904 20.093 20.197 20.168 20.372 20.437 20.291 20.293 
0.919 20.049 19.875 19.947 20.058 19.883 20.080 19.948 19.967 20.118 20.188 20.264 20.369 20.464 20.218 
0.974 20.108 20.047 19.968 19.938 19.957 20.240 19.964 20.025 20.235 20.212 20.285 20.617 20.620 20.313 
1.032 20.283 20.044 20.079 20.019 20.144 20.145 20.032 20.099 20.122 20.200 20.345 20.343 20.520 20.237 
1.093 20.480 20.107 20.040 20.017 20.107 20.141 20.024 20.079 20.130 20.124 20.255 20.325 20.367 20.195 
1.158 20.621 20.193 20.120 20.012 20.039 20.174 20.105 20.038 20.139 20.118 20.239 20.403 20.568 20.212 
1.226 20.575 20.321 20.117 20.100 20.115 20.276 20.140 20.147 20.107 20.124 20.260 20.538 20.412 20.219 
1.299 20.721 20.379 20.211 19.977 20.063 20.130 20.185 20.035 20.167 20.187 20.323 20.369 20.546 20.245 
1.376 21.014 20.443 20.166 20.010 20.022 20.099 20.148 20.040 20.087 20.057 20.309 20.277 20.446 20.181 
1.458 21.168 20.471 20.104 20.096 20.000 19.946 20.145 20.000 19.972 20.014 20.175 20.264 20.509 20.084 
1.544 21.415 20.581 20.180 20.107 19.942 20.057 20.221 20.013 19.999 20.004 20.123 20.186 20.520 20.073 
1.636 21.501 20.656 20.243 20.063 20.014 19.965 20.247 19.996 19.964 20.029 20.188 20.268 20.469 20.089 
1.733 21.642 20.789 20.350 20.039 20.117 19.984 20.309 20.069 19.965 19.995 20.092 20.216 20.493 20.055 
1.836 21.915 20.888 20.418 20.141 20.111 19.976 20.401 20.073 19.961 20.029 20.126 20.200 20.332 20.063 
1.944 22.103 21.023 20.570 20.254 20.168 20.054 20.544 20.157 20.043 20.025 20.164 20.196 20.381 20.108 
2.060 22.441 21.184 20.667 20.357 20.212 20.077 20.652 20.212 20.050 20.004 20.141 20.223 20.373 20.101 
2.182 22.593 21.263 20.742 20.391 20.296 20.129 20.715 20.262 20.127 20.071 20.195 20.283 20.384 20.159 
2.311 22.927 21.364 20.810 20.468 20.380 20.115 20.794 20.309 20.123 20.042 20.230 20.307 20.259 20.164 
2.448 23.131 21.497 20.878 20.503 20.383 20.194 20.854 20.348 20.147 20.023 20.252 20.331 20.340 20.174 
2.594 23.463 21.653 20.955 20.509 20.366 20.140 20.915 20.322 20.131 20.061 20.213 20.238 20.353 20.151 
2.747 23.616 21.759 21.025 20.560 20.398 20.180 20.995 20.369 20.123 20.063 20.233 20.287 20.374 20.171 
2.910 24.078 21.852 21.115 20.635 20.410 20.197 21.075 20.382 20.169 20.059 20.207 20.283 20.313 20.175 
3.083 24.561 22.091 21.223 20.701 20.483 20.193 21.205 20.422 20.165 20.110 20.287 20.314 20.266 20.206 
3.266 24.968 22.242 21.298 20.758 20.470 20.254 21.278 20.459 20.225 20.114 20.257 20.286 20.306 20.218 
3.459 25.585 22.581 21.377 20.772 20.528 20.242 21.367 20.482 20.211 20.116 20.277 20.276 20.273 20.216 
3.665 26.145 22.927 21.566 20.859 20.544 20.237 21.551 20.486 20.208 20.094 20.225 20.229 20.200 20.192 
3.882 26.669 23.263 21.651 20.956 20.558 20.235 21.661 20.517 20.202 20.102 20.268 20.294 20.253 20.211 
4.112 26.958 23.500 21.778 21.039 20.622 20.255 21.796 20.559 20.254 20.159 20.281 20.336 20.289 20.255 
4.356 27.515 23.798 21.900 21.150 20.655 20.310 21.942 20.609 20.287 20.178 20.271 20.302 20.227 20.259 
4.614 27.970 23.934 22.096 21.271 20.715 20.421 22.079 20.712 20.364 20.219 20.269 20.328 20.248 20.299 
4.888 28.958 24.036 22.306 21.409 20.804 20.447 22.262 20.784 20.434 20.277 20.301 20.336 20.263 20.340 
5.178 28.946 24.231 22.468 21.449 20.877 20.522 22.361 20.854 20.506 20.321 20.299 20.310 20.211 20.360 
5.485 29.006 24.472 22.566 21.561 20.945 20.591 22.480 20.933 20.582 20.360 20.304 20.346 20.249 20.397 
5.810 29.209 24.601 22.761 21.668 21.038 20.665 22.604 21.035 20.662 20.405 20.295 20.319 20.226 20.420 
6.155 30.003 24.834 22.959 21.808 21.151 20.775 22.759 21.154 20.741 20.440 20.293 20.330 20.234 20.448 
6.520 30.356 24.961 23.220 22.005 21.321 20.891 22.965 21.328 20.852 20.556 20.327 20.356 20.246 20.519 
6.906 31.297 25.354 23.587 22.276 21.522 21.111 23.289 21.548 21.037 20.634 20.379 20.397 20.283 20.602 
7.316 32.583 25.700 23.983 22.515 21.693 21.304 23.607 21.740 21.163 20.750 20.417 20.401 20.303 20.672 
7.750 33.275 26.218 24.374 22.800 21.920 21.448 23.909 21.969 21.297 20.851 20.424 20.408 20.334 20.722 
8.210 34.483 26.723 25.004 23.171 22.162 21.654 24.386 22.214 21.465 20.987 20.481 20.430 20.374 20.805 
8.696 35.937 27.370 25.556 23.537 22.480 21.866 24.826 22.500 21.643 21.122 20.525 20.431 20.404 20.875 
9.212 40.366 27.700 26.210 24.040 22.770 22.120 25.366 22.822 21.839 21.284 20.572 20.483 20.433 20.967 
9.759 37.860 28.565 26.840 24.577 23.149 22.455 25.931 23.199 22.074 21.461 20.650 20.535 20.505 21.075 
10.337 45.065 29.255 27.341 24.936 23.476 22.710 26.298 23.508 22.296 21.615 20.706 20.578 20.574 21.163 
10.950 47.276 29.776 27.968 25.549 23.867 22.981 26.850 23.882 22.494 21.782 20.798 20.634 20.668 21.264 
11.600 45.344 29.963 28.518 25.882 24.069 23.211 27.129 24.116 22.702 21.939 20.901 20.711 20.734 21.372 
12.288 45.364 30.322 28.803 26.332 24.488 23.433 27.564 24.437 22.931 22.108 21.049 20.840 20.828 21.523 
13.016 49.565 30.827 29.205 26.933 24.814 23.650 28.127 24.701 23.145 22.269 21.170 20.962 20.950 21.657 
13.788 54.981 31.474 30.229 27.404 25.366 24.018 28.779 25.161 23.471 22.469 21.323 21.117 21.101 21.828 
14.606 58.343 31.630 30.925 28.090 25.782 24.438 29.398 25.619 23.779 22.639 21.493 21.272 21.264 22.004 
15.472 58.050 33.326 31.812 28.539 26.134 24.747 29.835 25.971 24.016 22.851 21.696 21.427 21.418 22.189 
16.390 55.637 33.389 31.678 29.028 26.351 25.126 30.325 26.262 24.357 23.112 21.895 21.614 21.620 22.400 
17.362 74.509 34.177 33.044 29.082 26.709 25.447 30.719 26.577 24.658 23.290 22.114 21.846 21.834 22.622 
18.392 90.216 35.233 33.736 29.722 27.162 25.895 31.684 27.033 24.948 23.500 22.279 22.010 22.054 22.805 
19.482 nan 37.462 32.872 29.860 27.702 26.261 31.759 27.554 25.206 23.796 22.564 22.264 22.226 23.077 
20.638 nan 44.890 33.978 30.157 27.847 26.723 32.273 27.839 25.444 24.029 22.878 22.615 22.471 23.392 
21.862 94.979 47.763 35.258 30.760 28.384 27.314 33.389 28.392 25.873 24.320 23.144 22.818 22.691 23.643 
23.158 nan 39.314 36.803 30.811 29.008 27.769 33.284 28.943 26.050 24.422 23.392 23.095 22.935 23.880 
24.532 nan 47.566 35.531 30.874 28.932 28.121 34.797 29.031 26.371 24.626 23.700 23.367 23.138 24.151 
25.987 100.296 55.678 38.645 32.346 30.151 28.716 35.543 30.132 26.550 24.843 24.001 23.706 23.276 24.439 
27.528 nan nan 39.397 32.408 30.168 28.880 36.360 29.966 26.901 24.988 24.122 23.865 23.392 24.593 
29.160 101.791 83.042 42.421 33.229 31.130 29.454 36.402 30.830 27.270 25.234 24.328 24.039 23.543 24.798 
30.890 inf inf inf inf inf inf inf inf inf inf inf inf inf inf 
