# t[days] lsstu lsstg lsstr lssti lsstz lssty f062 f087 f106 f129 f158 f184 f213 f146 
0.103 25.121 24.890 23.308 27.719 29.267 27.058 23.916 29.675 26.773 31.127 30.395 29.540 36.007 27.920 
0.109 21.317 21.686 23.356 25.781 21.435 24.887 22.963 22.286 25.408 29.798 31.218 32.568 30.409 26.642 
0.116 21.437 21.639 21.175 25.257 24.838 24.893 21.572 24.720 25.234 22.438 25.563 27.961 40.907 23.532 
0.122 21.153 21.530 23.310 23.305 23.263 24.014 22.541 23.916 22.342 27.070 25.284 30.867 31.742 23.508 
0.130 20.594 21.193 21.898 21.793 21.196 22.985 21.595 21.845 23.074 24.034 25.365 27.766 28.699 23.944 
0.137 20.489 20.641 21.693 22.022 22.598 23.891 21.318 22.501 22.584 25.895 22.449 21.910 25.185 22.875 
0.145 20.095 20.851 21.117 21.146 22.185 21.483 21.220 21.184 21.859 24.199 22.781 21.749 25.225 22.380 
0.154 20.117 20.698 20.734 21.500 21.966 22.090 20.975 21.691 22.311 22.078 25.235 23.863 24.243 22.619 
0.163 20.330 20.140 21.031 21.250 22.547 21.147 20.746 21.846 21.729 22.181 22.351 26.940 24.606 22.344 
0.173 19.923 20.767 21.244 21.767 21.278 21.955 21.254 21.604 22.036 22.009 24.162 24.997 21.608 22.589 
0.183 20.137 20.575 21.058 21.576 21.425 21.758 21.088 21.518 22.381 23.196 24.278 26.786 23.098 23.219 
0.194 20.317 20.864 21.586 21.530 22.096 21.261 21.459 21.695 21.645 23.724 23.603 22.610 23.886 22.396 
0.206 20.115 20.613 21.183 21.583 21.383 21.547 21.139 21.351 22.398 22.579 22.291 22.471 26.724 22.411 
0.218 20.109 20.573 21.468 21.563 21.958 21.313 21.237 21.709 21.799 23.037 23.201 24.067 23.236 22.631 
0.231 20.415 21.081 21.248 21.642 22.258 22.403 21.331 21.966 22.742 22.752 22.663 22.781 22.962 22.852 
0.244 20.345 20.866 21.504 21.435 22.058 21.711 21.355 21.791 21.894 21.865 22.396 22.871 24.384 22.257 
0.259 20.402 20.626 21.306 21.495 22.140 21.776 21.244 21.897 21.996 22.824 23.343 22.546 23.923 22.546 
0.274 20.352 20.855 21.306 21.634 22.187 21.900 21.372 21.864 22.074 22.390 23.822 23.684 24.429 22.641 
0.290 20.597 20.949 21.516 21.660 21.839 22.146 21.425 21.960 22.317 22.550 23.507 24.476 23.191 22.856 
0.308 20.517 20.952 21.401 21.712 21.954 22.477 21.381 21.992 22.271 22.504 23.322 22.865 24.262 22.620 
0.326 20.687 21.080 21.385 21.739 22.365 22.141 21.383 22.087 22.045 22.631 23.676 23.632 24.726 22.681 
0.345 20.661 21.073 21.405 21.749 21.866 21.769 21.433 21.743 22.279 23.192 23.380 23.892 22.933 22.906 
0.366 20.643 21.122 21.404 21.605 21.751 22.104 21.418 21.784 22.127 22.196 22.954 23.646 23.737 22.468 
0.387 20.774 21.083 21.276 21.464 21.595 22.265 21.294 21.745 22.077 22.651 22.830 22.927 23.858 22.555 
0.410 20.720 21.038 21.239 21.321 21.850 21.773 21.268 21.638 21.917 21.990 22.335 22.849 23.509 22.232 
0.435 20.942 21.116 21.304 21.680 21.784 21.693 21.344 21.767 21.681 22.387 22.729 23.166 23.771 22.264 
0.461 20.890 21.080 21.276 21.499 21.596 21.886 21.292 21.701 21.701 21.874 21.925 22.673 22.911 21.961 
0.488 20.902 21.085 21.154 21.521 21.488 21.637 21.233 21.535 21.773 21.966 22.382 22.621 22.628 22.083 
0.517 20.934 21.177 21.255 21.351 21.527 21.554 21.259 21.505 21.589 21.691 22.227 22.733 22.690 21.882 
0.547 21.064 21.138 21.166 21.152 21.300 21.585 21.165 21.327 21.595 21.791 22.213 22.586 22.591 21.949 
0.580 21.152 21.123 20.995 21.253 21.277 21.446 21.058 21.334 21.378 21.470 21.848 22.395 22.500 21.671 
0.614 21.341 21.209 21.074 21.154 21.271 21.178 21.113 21.203 21.240 21.373 21.517 21.703 22.288 21.439 
0.651 21.517 21.282 21.063 21.149 21.213 21.162 21.117 21.200 21.156 21.338 21.847 22.129 22.152 21.511 
0.689 21.775 21.302 21.178 21.114 21.258 21.208 21.158 21.206 21.236 21.327 21.627 21.939 22.204 21.469 
0.730 22.004 21.474 21.208 21.119 21.060 21.261 21.202 21.138 21.225 21.342 21.533 21.639 22.030 21.402 
0.773 22.236 21.724 21.256 21.226 21.083 21.180 21.303 21.165 21.176 21.321 21.486 21.837 22.201 21.418 
0.819 22.522 21.817 21.535 21.271 21.293 21.293 21.469 21.285 21.290 21.356 21.484 21.776 21.951 21.438 
0.868 22.687 22.006 21.556 21.356 21.221 21.191 21.569 21.220 21.209 21.248 21.401 21.673 21.985 21.356 
0.919 22.959 22.217 21.788 21.496 21.396 21.391 21.767 21.395 21.434 21.363 21.524 21.658 22.002 21.482 
0.974 23.169 22.403 21.908 21.617 21.457 21.361 21.894 21.443 21.415 21.376 21.508 21.680 22.039 21.485 
1.032 23.480 22.628 22.078 21.784 21.657 21.712 22.077 21.691 21.651 21.561 21.533 21.813 22.156 21.630 
1.093 23.692 22.727 22.227 21.924 21.797 21.763 22.200 21.814 21.720 21.676 21.578 21.825 22.062 21.694 
1.158 24.058 23.033 22.351 22.129 21.926 21.853 22.392 21.930 21.923 21.767 21.645 21.653 22.039 21.757 
1.226 24.325 23.124 22.536 22.197 22.077 22.006 22.511 22.062 22.010 21.814 21.679 21.797 22.057 21.836 
1.299 24.734 23.336 22.626 22.291 22.195 22.112 22.610 22.175 22.088 21.897 21.766 21.886 22.105 21.920 
1.376 25.036 23.461 22.792 22.436 22.247 22.181 22.780 22.235 22.258 22.018 21.888 21.986 22.100 22.034 
1.458 25.271 23.545 22.867 22.476 22.330 22.239 22.846 22.303 22.249 22.022 21.891 21.984 22.175 22.032 
1.544 25.639 23.811 23.016 22.584 22.445 22.326 22.997 22.408 22.303 22.039 21.949 22.022 22.196 22.083 
1.636 26.278 24.001 23.099 22.706 22.488 22.468 23.102 22.493 22.415 22.091 21.968 22.101 22.160 22.145 
1.733 26.691 24.247 23.269 22.817 22.586 22.536 23.262 22.584 22.487 22.150 22.012 22.119 22.214 22.195 
1.836 27.165 24.501 23.444 22.905 22.685 22.703 23.380 22.728 22.601 22.222 22.111 22.178 22.267 22.284 
1.944 27.662 24.740 23.624 23.074 22.804 22.731 23.582 22.812 22.678 22.266 22.232 22.252 22.406 22.356 
2.060 27.786 25.007 23.770 23.197 22.853 22.836 23.735 22.883 22.788 22.349 22.244 22.347 22.415 22.436 
2.182 28.985 25.470 24.030 23.356 23.011 22.885 23.973 23.021 22.869 22.470 22.379 22.429 22.426 22.537 
2.311 29.157 25.777 24.252 23.509 23.208 23.013 24.184 23.187 22.921 22.469 22.347 22.461 22.562 22.552 
2.448 29.666 26.232 24.457 23.627 23.262 23.132 24.398 23.261 23.028 22.563 22.467 22.598 22.593 22.657 
2.594 31.297 26.684 24.750 23.825 23.362 23.196 24.641 23.378 23.078 22.622 22.475 22.598 22.602 22.687 
2.747 31.189 26.937 25.013 24.009 23.449 23.231 24.863 23.479 23.145 22.706 22.496 22.621 22.626 22.737 
2.910 31.243 27.399 25.290 24.126 23.589 23.297 25.088 23.581 23.180 22.720 22.519 22.641 22.674 22.759 
3.083 32.298 27.808 25.630 24.351 23.699 23.391 25.371 23.703 23.262 22.803 22.560 22.666 22.648 22.812 
3.266 33.720 27.930 25.790 24.425 23.689 23.379 25.454 23.725 23.251 22.838 22.527 22.632 22.658 22.802 
3.459 33.028 28.101 25.907 24.414 23.748 23.344 25.497 23.744 23.231 22.847 22.546 22.639 22.699 22.800 
3.665 36.463 28.162 26.064 24.505 23.778 23.402 25.617 23.791 23.238 22.863 22.529 22.576 22.645 22.793 
3.882 35.354 28.246 26.218 24.567 23.834 23.453 25.728 23.843 23.265 22.896 22.505 22.538 22.624 22.791 
4.112 32.981 28.311 26.317 24.607 23.959 23.459 25.756 23.929 23.276 22.903 22.486 22.512 22.607 22.778 
4.356 34.636 28.383 26.488 24.659 23.956 23.487 25.828 23.946 23.307 22.934 22.483 22.445 22.587 22.773 
4.614 34.795 28.625 26.555 24.662 23.961 23.526 25.884 23.965 23.288 22.921 22.447 22.442 22.553 22.754 
4.888 39.810 28.714 26.688 24.763 24.107 23.604 26.000 24.079 23.351 22.921 22.447 22.430 22.539 22.764 
5.178 41.456 29.213 26.973 24.995 24.218 23.681 26.241 24.196 23.421 22.974 22.463 22.434 22.563 22.787 
5.485 37.870 29.324 27.392 25.301 24.435 23.940 26.589 24.429 23.569 23.049 22.498 22.465 22.559 22.851 
5.810 42.959 30.070 27.787 25.603 24.695 24.091 26.937 24.655 23.700 23.127 22.550 22.467 22.610 22.906 
6.155 45.829 30.788 28.239 25.977 25.012 24.366 27.348 24.965 23.886 23.262 22.626 22.501 22.659 23.000 
6.520 46.041 31.375 28.986 26.416 25.309 24.663 27.879 25.286 24.092 23.416 22.696 22.567 22.733 23.100 
6.906 41.347 32.353 29.658 26.907 25.764 25.003 28.546 25.690 24.319 23.594 22.817 22.642 22.791 23.231 
7.316 53.933 32.736 30.340 27.513 26.263 25.340 29.225 26.149 24.538 23.798 22.918 22.711 22.875 23.354 
7.750 46.109 35.387 31.300 27.973 26.802 25.864 29.698 26.707 24.845 23.977 23.000 22.776 22.974 23.465 
8.210 56.103 35.626 31.660 28.826 27.501 26.242 30.515 27.296 25.128 24.173 23.124 22.856 23.062 23.592 
8.696 53.610 36.370 32.415 29.113 27.980 26.623 30.704 27.757 25.365 24.318 23.220 22.918 23.136 23.690 
9.212 58.001 35.887 32.890 29.386 28.443 26.917 31.069 28.130 25.561 24.464 23.327 22.999 23.266 23.801 
9.759 57.212 36.642 34.114 29.768 28.881 27.240 31.393 28.550 25.711 24.607 23.455 23.133 23.402 23.932 
10.337 62.506 35.763 34.002 30.087 29.190 27.577 31.734 28.945 25.932 24.796 23.634 23.282 23.525 24.097 
10.950 61.985 38.075 33.941 30.717 29.593 28.060 32.438 29.336 26.237 24.970 23.805 23.479 23.688 24.291 
11.600 72.638 38.879 33.782 31.093 30.048 28.552 32.657 29.829 26.525 25.191 24.009 23.645 23.829 24.478 
12.288 nan 42.711 35.590 31.709 30.152 28.938 33.459 29.993 26.860 25.407 24.212 23.847 23.962 24.681 
13.016 nan 39.166 35.525 31.638 30.443 29.099 33.858 30.132 27.148 25.653 24.433 24.024 24.136 24.890 
13.788 85.133 39.189 35.319 32.040 30.177 29.211 34.364 30.092 27.341 25.794 24.636 24.225 24.269 25.080 
14.606 89.124 45.029 37.009 32.060 30.010 29.275 34.774 30.001 27.527 25.966 24.900 24.471 24.400 25.312 
15.472 98.716 42.774 34.793 32.074 29.882 28.981 33.998 29.794 27.597 25.980 25.079 24.751 24.499 25.492 
16.390 99.990 46.308 34.803 32.348 29.882 29.046 34.131 29.873 27.712 26.112 25.250 25.097 24.660 25.710 
17.362 103.064 42.400 35.662 32.882 30.017 29.249 34.325 30.116 27.902 26.199 25.411 25.317 24.780 25.867 
18.392 nan 43.419 36.003 33.018 30.504 29.631 35.657 30.504 28.238 26.399 25.585 25.575 24.857 26.065 
19.482 nan 48.984 38.700 34.171 30.695 30.098 37.957 30.900 28.465 26.482 25.722 25.693 25.041 26.182 
20.638 105.661 50.392 42.091 34.467 31.328 30.556 38.486 31.442 28.797 26.637 25.870 25.891 25.067 26.342 
21.862 105.846 76.445 41.429 35.101 31.813 30.793 36.502 31.810 28.975 26.850 25.965 26.088 25.240 26.480 
23.158 110.755 nan 47.811 34.770 32.537 31.503 39.330 32.571 29.349 27.083 26.126 26.226 25.312 26.650 
24.532 108.988 nan 44.500 35.577 32.987 31.434 44.614 32.445 29.726 27.400 26.279 26.401 25.504 26.842 
25.987 109.570 80.909 40.086 40.270 33.330 32.630 40.699 33.641 30.240 27.722 26.517 26.591 25.693 27.076 
27.528 110.303 90.737 50.517 36.262 34.520 32.992 37.660 34.166 30.660 28.020 26.786 26.950 25.888 27.381 
29.160 111.133 nan nan 46.800 35.002 32.804 53.389 34.267 30.838 28.255 27.084 27.308 26.328 27.694 
30.890 inf inf inf inf inf inf inf inf inf inf inf inf inf inf 
