# t[days] lsstu lsstg lsstr lssti lsstz lssty f062 f087 f106 f129 f158 f184 f213 f146 
0.103 21.973 21.887 24.453 24.177 25.620 29.511 23.213 25.727 25.655 25.319 30.833 33.876 30.318 25.963 
0.109 19.024 19.112 21.115 21.647 23.185 21.992 20.592 23.441 22.203 21.510 23.083 24.316 32.803 22.146 
0.116 18.475 17.992 19.987 22.089 19.561 21.371 19.136 20.198 22.414 24.681 23.066 32.925 28.477 23.106 
0.122 18.100 17.597 18.698 18.395 23.962 19.677 18.013 20.477 17.717 18.082 20.979 23.820 26.786 18.893 
0.130 18.434 18.634 18.030 19.167 19.240 18.103 18.311 18.979 18.625 22.784 22.577 24.992 26.605 19.833 
0.137 17.228 17.625 18.343 19.714 19.161 21.090 18.596 19.456 21.107 21.671 24.246 24.292 33.931 22.023 
0.145 17.806 17.753 18.001 20.024 19.889 21.676 18.175 20.454 21.034 21.425 20.559 21.394 21.828 21.127 
0.154 17.039 18.228 18.502 18.477 20.445 24.162 18.415 20.251 20.596 18.507 21.811 22.437 23.650 19.687 
0.163 17.368 18.148 18.189 19.215 19.194 19.294 18.484 19.482 19.929 20.917 20.800 21.604 21.805 20.589 
0.173 17.382 17.623 18.498 19.054 19.156 18.912 18.471 19.059 19.075 19.035 21.649 21.137 19.696 19.566 
0.183 17.271 17.927 18.390 18.368 20.564 19.952 18.315 19.479 19.524 19.748 20.077 20.836 18.351 19.954 
0.194 17.404 17.694 18.174 18.826 19.386 20.059 18.204 19.413 20.376 20.987 21.231 22.113 21.601 20.918 
0.206 17.398 17.873 18.761 18.558 19.805 20.719 18.677 19.064 19.953 19.207 19.848 21.197 25.059 19.921 
0.218 17.322 17.911 18.773 18.728 18.597 20.363 18.564 18.997 20.785 19.560 20.084 20.756 21.512 20.249 
0.231 17.537 18.231 18.569 19.236 19.270 20.063 18.646 19.367 20.163 20.702 22.036 21.976 21.227 20.826 
0.244 17.590 18.260 18.525 19.261 19.254 18.302 18.567 19.128 18.931 19.335 20.022 21.432 20.719 19.425 
0.259 17.478 18.069 18.685 18.841 19.581 19.682 18.627 19.239 19.791 20.309 19.701 21.285 22.822 20.015 
0.274 17.589 18.154 18.556 19.391 19.176 19.102 18.667 19.170 19.242 20.422 21.159 21.270 21.988 20.052 
0.290 17.462 18.217 18.688 19.134 19.485 19.037 18.759 19.305 19.290 19.710 20.265 21.394 21.799 19.908 
0.308 17.583 18.184 18.590 19.124 18.826 19.673 18.613 19.089 19.817 19.939 21.021 20.942 21.156 20.220 
0.326 17.609 18.199 18.714 19.024 18.824 18.753 18.748 18.798 19.007 19.342 20.329 20.919 21.185 19.562 
0.345 17.816 18.154 18.575 18.958 19.485 19.617 18.555 19.494 19.850 19.548 19.514 19.613 21.974 19.505 
0.366 17.849 18.238 18.753 18.763 19.062 19.340 18.636 19.103 19.055 19.373 20.238 21.152 21.501 19.649 
0.387 17.859 18.271 18.530 19.099 19.281 19.392 18.616 19.259 19.543 19.440 20.140 20.581 21.006 19.776 
0.410 17.912 18.353 18.628 19.014 19.032 19.081 18.639 18.997 19.356 19.639 20.379 20.366 20.416 19.773 
0.435 17.998 18.260 18.522 18.863 18.924 19.096 18.564 18.892 19.180 19.274 19.576 20.223 20.420 19.489 
0.461 17.974 18.235 18.398 18.659 18.855 18.723 18.442 18.783 18.953 19.262 19.397 19.461 19.853 19.224 
0.488 18.064 18.235 18.509 18.696 18.778 19.152 18.490 18.847 19.041 18.933 19.749 20.096 20.399 19.387 
0.517 18.070 18.119 18.280 18.672 18.692 18.757 18.304 18.705 18.683 18.891 19.629 19.911 19.902 19.164 
0.547 18.110 18.235 18.387 18.571 18.763 18.749 18.417 18.661 18.911 19.015 19.462 20.141 19.698 19.244 
0.580 18.291 18.289 18.202 18.559 18.517 18.500 18.289 18.515 18.688 18.925 19.288 19.822 19.824 19.047 
0.614 18.506 18.348 18.429 18.439 18.428 18.425 18.420 18.422 18.582 18.660 19.136 19.576 19.602 18.864 
0.651 18.656 18.402 18.334 18.523 18.534 18.654 18.369 18.571 18.604 18.864 18.968 19.523 19.998 18.906 
0.689 18.970 18.420 18.378 18.349 18.422 18.420 18.361 18.390 18.560 18.845 19.175 19.361 19.462 18.898 
0.730 19.336 18.575 18.399 18.415 18.455 18.598 18.419 18.475 18.630 18.732 19.019 19.417 19.466 18.867 
0.773 19.475 18.777 18.598 18.423 18.444 18.556 18.538 18.480 18.610 18.636 19.102 19.340 19.448 18.846 
0.819 19.942 19.016 18.765 18.537 18.413 18.713 18.750 18.489 18.648 18.609 19.026 19.372 19.256 18.837 
0.868 20.309 19.191 18.939 18.580 18.563 18.761 18.859 18.598 18.723 18.677 18.760 18.924 19.488 18.760 
0.919 20.449 19.394 19.011 18.787 18.693 18.869 18.996 18.753 18.836 18.700 18.869 19.144 19.322 18.857 
0.974 20.778 19.637 19.225 18.917 18.791 19.004 19.186 18.862 18.943 18.799 18.874 18.980 19.304 18.902 
1.032 21.251 19.964 19.452 19.070 18.936 19.181 19.405 19.018 19.102 18.837 18.975 19.217 19.404 19.018 
1.093 21.634 20.205 19.570 19.292 19.107 19.337 19.579 19.206 19.240 18.859 18.991 19.075 19.332 19.041 
1.158 21.793 20.455 19.811 19.406 19.227 19.376 19.762 19.281 19.421 19.026 18.981 19.098 19.356 19.129 
1.226 22.335 20.746 19.978 19.579 19.311 19.649 19.973 19.428 19.572 19.137 19.088 19.175 19.436 19.230 
1.299 22.491 21.037 20.092 19.704 19.495 19.716 20.109 19.576 19.602 19.173 19.194 19.349 19.630 19.318 
1.376 22.909 21.167 20.298 19.825 19.646 19.744 20.268 19.701 19.670 19.281 19.207 19.248 19.553 19.342 
1.458 23.405 21.595 20.472 19.900 19.744 19.952 20.460 19.804 19.821 19.279 19.309 19.359 19.653 19.438 
1.544 23.678 21.781 20.562 20.100 19.867 19.982 20.602 19.921 19.840 19.383 19.379 19.436 19.714 19.510 
1.636 23.908 21.937 20.768 20.315 20.100 20.242 20.812 20.144 20.098 19.500 19.378 19.421 19.803 19.585 
1.733 24.337 22.284 21.021 20.441 20.220 20.311 20.998 20.278 20.078 19.496 19.448 19.541 19.725 19.628 
1.836 24.817 22.559 21.074 20.564 20.442 20.430 21.137 20.430 20.223 19.598 19.591 19.630 19.884 19.748 
1.944 25.089 22.799 21.348 20.818 20.519 20.542 21.397 20.565 20.301 19.686 19.707 19.702 19.879 19.841 
2.060 25.458 23.072 21.599 20.956 20.584 20.629 21.626 20.638 20.404 19.796 19.759 19.834 19.932 19.944 
2.182 25.765 23.431 21.831 21.158 20.728 20.848 21.879 20.810 20.535 19.867 19.793 19.934 20.031 20.017 
2.311 26.401 23.704 22.116 21.458 20.857 20.768 22.158 20.926 20.566 19.918 19.887 19.929 20.005 20.065 
2.448 27.176 24.175 22.373 21.661 21.132 20.940 22.439 21.140 20.723 20.068 19.971 20.020 20.144 20.176 
2.594 27.285 24.937 22.823 21.873 21.357 21.118 22.821 21.369 20.848 20.102 20.026 20.092 20.182 20.240 
2.747 28.217 25.047 23.044 22.196 21.670 21.280 23.065 21.660 20.975 20.238 20.119 20.202 20.234 20.356 
2.910 27.838 25.587 23.400 22.324 21.754 21.359 23.351 21.733 21.145 20.233 20.107 20.308 20.298 20.396 
3.083 30.115 25.867 23.890 22.661 22.028 21.376 23.689 21.948 21.156 20.366 20.142 20.300 20.309 20.449 
3.266 30.441 26.200 24.028 22.814 22.110 21.501 23.814 22.087 21.283 20.435 20.122 20.302 20.260 20.480 
3.459 31.930 26.427 24.357 22.905 22.368 21.499 24.044 22.174 21.365 20.458 20.097 20.297 20.346 20.486 
3.665 28.764 27.043 24.624 23.021 22.376 21.611 24.217 22.281 21.408 20.530 20.076 20.167 20.227 20.471 
3.882 31.948 27.089 24.781 23.161 22.550 21.713 24.335 22.437 21.473 20.517 20.033 20.170 20.202 20.457 
4.112 30.414 27.248 24.918 23.259 22.578 21.744 24.477 22.463 21.518 20.513 20.002 20.156 20.219 20.450 
4.356 30.837 27.381 25.135 23.269 22.641 21.732 24.596 22.478 21.522 20.523 19.954 20.122 20.167 20.425 
4.614 31.941 27.779 25.167 23.371 22.561 21.797 24.614 22.512 21.563 20.476 19.883 20.031 20.101 20.369 
4.888 39.172 27.522 25.196 23.470 22.756 21.885 24.706 22.628 21.567 20.530 19.896 20.048 20.085 20.386 
5.178 39.068 27.915 25.645 23.546 22.811 21.886 24.861 22.679 21.561 20.498 19.875 20.027 20.091 20.371 
5.485 36.534 27.961 25.975 23.699 22.978 21.975 25.039 22.836 21.626 20.564 19.864 20.027 20.087 20.385 
5.810 38.240 28.709 26.160 23.944 23.306 22.142 25.264 23.090 21.758 20.626 19.889 20.082 20.079 20.434 
6.155 43.514 28.646 26.803 24.261 23.491 22.244 25.677 23.231 21.865 20.713 19.910 20.103 20.113 20.479 
6.520 nan 29.727 27.394 24.735 23.895 22.539 26.197 23.617 22.021 20.851 19.972 20.184 20.211 20.567 
6.906 43.214 30.446 28.084 25.350 24.176 22.841 26.853 23.949 22.240 21.035 20.069 20.208 20.246 20.672 
7.316 nan 31.134 28.849 25.919 24.598 23.206 27.401 24.313 22.532 21.212 20.178 20.293 20.382 20.789 
7.750 nan 33.417 29.383 26.530 25.032 23.594 28.115 24.755 22.809 21.378 20.251 20.335 20.409 20.886 
8.210 68.589 34.859 29.913 27.182 25.319 23.837 28.456 25.053 22.987 21.516 20.328 20.393 20.520 20.971 
8.696 88.225 33.214 30.794 27.348 25.595 24.188 29.098 25.371 23.155 21.609 20.387 20.410 20.591 21.027 
9.212 60.131 34.932 30.168 28.008 25.748 24.470 29.233 25.630 23.385 21.759 20.481 20.489 20.693 21.132 
9.759 nan 41.578 31.269 28.273 26.211 24.702 30.167 26.033 23.593 21.890 20.599 20.576 20.821 21.246 
10.337 nan 39.552 31.534 28.604 26.612 25.119 30.767 26.352 23.792 22.025 20.720 20.689 20.929 21.369 
10.950 92.133 41.524 34.390 29.845 26.874 25.317 31.916 26.631 23.870 22.171 20.875 20.805 21.063 21.505 
11.600 82.090 46.798 32.233 29.421 27.274 25.688 31.334 27.083 24.136 22.367 21.011 20.967 21.202 21.666 
12.288 92.546 50.886 32.800 30.188 27.866 26.123 32.045 27.583 24.279 22.505 21.200 21.132 21.317 21.837 
13.016 95.352 53.116 35.842 31.859 28.628 26.440 32.891 28.308 24.455 22.751 21.401 21.251 21.459 22.007 
13.788 88.699 42.087 35.723 32.159 28.578 26.526 34.202 28.262 24.502 22.833 21.604 21.375 21.562 22.157 
14.606 87.650 43.726 34.797 30.791 28.530 26.659 32.289 28.467 24.585 22.941 21.829 21.573 21.665 22.351 
15.472 97.879 41.680 33.388 29.204 27.443 26.102 31.831 27.333 24.524 22.937 22.051 21.764 21.770 22.511 
16.390 86.097 40.542 32.550 28.666 27.036 25.789 31.346 26.918 24.447 22.975 22.274 21.935 21.823 22.657 
17.362 nan 39.773 32.261 28.650 27.124 25.937 31.159 26.999 24.492 23.059 22.421 22.103 21.976 22.801 
18.392 65.099 41.531 31.627 28.837 27.293 26.078 31.321 27.150 24.605 23.142 22.551 22.215 21.990 22.914 
19.482 107.240 37.823 32.966 29.178 27.605 26.307 31.629 27.413 24.796 23.244 22.700 22.364 22.116 23.063 
20.638 106.149 44.225 34.579 29.372 27.893 26.840 32.811 27.839 25.023 23.363 22.805 22.507 22.196 23.199 
21.862 107.588 nan 34.765 30.362 28.688 27.140 33.846 28.357 25.350 23.550 22.928 22.660 22.322 23.357 
23.158 107.158 71.579 36.692 30.542 28.735 27.554 34.802 28.633 25.679 23.740 23.112 22.785 22.416 23.526 
24.532 nan 77.081 36.321 31.885 29.398 27.904 35.185 29.291 25.870 23.941 23.223 22.908 22.546 23.666 
25.987 nan 82.212 37.497 31.746 30.058 28.310 34.590 29.719 26.417 24.184 23.450 23.114 22.745 23.897 
27.528 nan 85.437 41.301 32.876 30.042 28.526 39.453 29.925 26.687 24.452 23.712 23.385 23.030 24.166 
29.160 111.680 nan nan 36.244 30.616 28.972 37.357 30.169 27.259 24.807 24.133 23.745 23.306 24.549 
30.890 inf inf inf inf inf inf inf inf inf inf inf inf inf inf 
