# t[days] lsstu lsstg lsstr lssti lsstz lssty f062 f087 f106 f129 f158 f184 f213 f146 
0.103 25.074 25.093 27.496 28.556 27.910 31.722 26.155 28.165 30.337 28.476 29.146 39.302 38.268 29.618 
0.109 22.146 22.099 23.792 24.898 26.442 28.534 23.502 26.473 26.067 27.906 26.478 26.082 28.523 26.597 
0.116 21.770 21.437 22.351 24.904 24.661 22.965 22.028 23.714 23.912 29.035 26.621 27.790 34.080 25.060 
0.122 21.311 21.393 20.878 22.441 22.280 25.110 21.325 22.352 23.408 21.136 24.441 27.282 28.066 22.227 
0.130 20.796 21.626 21.271 21.941 23.202 25.178 21.480 22.436 22.200 24.124 26.400 26.521 29.204 23.401 
0.137 20.374 20.901 21.180 23.196 22.364 23.246 21.389 22.678 22.806 24.980 26.748 24.885 28.970 23.815 
0.145 20.691 21.206 20.998 22.022 23.063 23.615 21.240 22.449 24.077 22.616 24.373 24.850 26.122 23.440 
0.154 20.334 21.119 21.748 22.158 22.997 23.911 21.783 22.758 24.845 22.193 24.335 25.223 28.179 23.236 
0.163 20.280 21.205 22.006 22.213 23.173 22.727 21.943 23.095 23.029 24.396 23.897 24.428 24.506 23.626 
0.173 20.609 20.930 21.664 22.172 22.156 22.380 21.481 22.199 23.188 22.177 25.423 25.888 22.864 23.078 
0.183 20.401 20.874 21.373 21.396 23.043 23.354 21.220 22.731 22.617 22.898 23.396 24.588 23.248 23.015 
0.194 20.398 20.884 21.194 21.613 21.734 23.475 21.283 21.899 23.312 24.105 23.654 24.052 26.608 23.694 
0.206 20.460 21.073 22.002 22.948 22.482 22.823 21.946 22.658 23.236 22.836 22.732 24.840 25.157 23.153 
0.218 20.483 21.187 21.773 21.936 22.019 21.818 21.647 21.962 22.632 23.394 22.790 24.223 24.899 22.976 
0.231 20.598 21.200 21.794 22.186 22.190 22.283 21.725 22.472 22.619 23.561 24.977 25.154 24.551 23.478 
0.244 20.624 21.370 21.646 22.318 22.858 22.197 21.758 22.477 22.569 23.459 22.847 24.874 24.377 23.009 
0.259 20.676 21.252 21.850 22.096 21.879 23.210 21.753 22.213 23.011 22.571 23.557 23.300 24.784 22.942 
0.274 20.601 21.230 21.688 22.248 22.743 22.834 21.656 22.704 22.711 23.123 23.991 24.362 24.408 23.305 
0.290 20.660 21.251 21.607 22.431 22.059 22.727 21.715 22.260 22.521 23.392 23.234 24.308 24.233 23.090 
0.308 20.778 21.377 21.913 22.445 22.423 22.505 21.915 22.468 22.626 22.951 23.543 24.997 24.851 23.188 
0.326 20.871 21.191 21.918 21.983 22.112 22.250 21.799 22.150 22.343 22.750 23.219 23.594 24.090 22.831 
0.345 20.918 21.278 21.904 22.160 22.316 22.836 21.811 22.345 22.708 22.825 22.722 22.750 23.341 22.776 
0.366 20.999 21.445 22.007 21.987 22.318 22.613 21.932 22.246 22.466 22.921 22.823 23.095 24.326 22.764 
0.387 21.050 21.480 21.728 22.091 22.286 22.310 21.759 22.259 22.566 22.564 23.193 24.120 24.230 22.869 
0.410 21.035 21.495 21.869 22.082 22.153 22.139 21.838 22.166 22.569 22.887 23.011 23.589 24.124 22.903 
0.435 21.136 21.508 21.720 21.960 22.122 22.088 21.746 22.086 22.396 22.568 22.654 22.811 23.791 22.585 
0.461 21.144 21.369 21.711 21.785 22.150 22.170 21.629 22.088 22.173 22.430 22.608 22.900 22.942 22.469 
0.488 21.237 21.530 21.691 21.896 22.058 22.265 21.699 22.057 22.414 22.292 22.811 23.027 23.822 22.524 
0.517 21.275 21.470 21.563 21.746 22.077 22.163 21.565 22.063 22.180 22.130 22.738 23.415 23.474 22.452 
0.547 21.291 21.498 21.666 21.734 21.849 22.046 21.631 21.901 22.052 22.319 22.544 23.284 22.970 22.400 
0.580 21.556 21.587 21.529 21.774 21.826 21.936 21.591 21.867 21.897 22.123 22.321 22.708 23.091 22.173 
0.614 21.661 21.697 21.659 21.716 21.734 21.740 21.664 21.735 21.875 21.996 22.181 22.789 22.994 22.113 
0.651 21.934 21.719 21.551 21.694 21.791 21.714 21.593 21.745 21.733 21.950 22.229 22.403 22.987 22.041 
0.689 22.253 21.811 21.698 21.643 21.649 21.792 21.677 21.686 21.840 22.017 22.280 22.561 22.732 22.124 
0.730 22.497 21.971 21.691 21.704 21.703 21.891 21.731 21.738 21.850 21.908 22.243 22.453 22.646 22.063 
0.773 22.780 22.169 21.829 21.728 21.712 21.710 21.849 21.709 21.812 21.914 22.131 22.471 22.819 22.014 
0.819 23.091 22.363 22.003 21.894 21.666 21.846 22.009 21.747 21.900 21.834 21.982 22.419 22.610 22.002 
0.868 23.386 22.589 22.183 21.996 21.877 21.822 22.196 21.854 21.917 21.980 22.085 22.357 22.303 22.045 
0.919 23.640 22.776 22.289 22.134 21.993 21.925 22.323 21.981 21.985 21.947 22.000 22.272 22.463 22.033 
0.974 23.899 22.943 22.444 22.171 22.063 22.021 22.438 22.043 22.151 22.057 22.054 22.258 22.422 22.121 
1.032 24.219 23.204 22.655 22.354 22.185 22.193 22.637 22.203 22.228 22.123 22.102 22.285 22.505 22.185 
1.093 24.718 23.441 22.821 22.496 22.337 22.223 22.826 22.296 22.338 22.177 22.126 22.315 22.482 22.240 
1.158 24.874 23.686 23.013 22.653 22.462 22.319 22.985 22.452 22.467 22.379 22.185 22.237 22.417 22.321 
1.226 25.279 23.898 23.155 22.818 22.579 22.513 23.150 22.593 22.596 22.450 22.323 22.346 22.602 22.433 
1.299 25.651 24.080 23.353 22.899 22.719 22.649 23.308 22.710 22.752 22.467 22.364 22.480 22.638 22.519 
1.376 26.153 24.421 23.488 23.099 22.815 22.712 23.515 22.830 22.726 22.576 22.435 22.512 22.627 22.567 
1.458 26.530 24.570 23.611 23.177 22.858 22.852 23.614 22.882 22.891 22.657 22.469 22.557 22.684 22.644 
1.544 26.779 24.750 23.723 23.283 22.981 22.950 23.732 23.014 22.936 22.691 22.488 22.600 22.686 22.673 
1.636 27.081 25.017 23.921 23.408 23.129 23.084 23.910 23.146 23.097 22.745 22.574 22.649 22.780 22.760 
1.733 27.481 25.223 24.005 23.582 23.262 23.242 24.062 23.279 23.184 22.838 22.639 22.730 22.777 22.843 
1.836 27.971 25.429 24.160 23.801 23.364 23.321 24.217 23.422 23.249 22.873 22.699 22.868 22.857 22.917 
1.944 28.675 25.631 24.408 23.875 23.433 23.415 24.419 23.481 23.317 22.995 22.813 22.991 22.814 23.020 
2.060 28.949 26.060 24.637 24.132 23.542 23.520 24.667 23.630 23.431 23.070 22.810 23.059 23.052 23.080 
2.182 29.286 26.298 24.900 24.358 23.782 23.700 24.918 23.852 23.583 23.146 22.915 23.043 23.035 23.160 
2.311 30.320 26.698 25.092 24.543 23.899 23.751 25.116 23.956 23.620 23.254 22.959 23.151 23.124 23.231 
2.448 30.346 27.272 25.576 24.781 24.025 23.906 25.509 24.128 23.732 23.371 23.041 23.259 23.132 23.336 
2.594 31.432 27.698 25.830 25.040 24.308 24.071 25.781 24.371 23.876 23.386 23.089 23.292 23.231 23.390 
2.747 31.243 28.100 26.189 25.180 24.415 24.276 26.081 24.507 24.017 23.469 23.121 23.402 23.287 23.469 
2.910 33.353 28.524 26.560 25.433 24.663 24.385 26.391 24.720 24.073 23.613 23.149 23.409 23.362 23.528 
3.083 33.500 28.706 26.916 25.548 24.813 24.479 26.582 24.875 24.145 23.678 23.200 23.416 23.379 23.578 
3.266 35.056 29.109 27.221 25.680 24.978 24.527 26.803 24.997 24.189 23.769 23.189 23.416 23.362 23.603 
3.459 32.543 29.361 27.536 25.748 25.086 24.613 26.971 25.114 24.205 23.824 23.157 23.331 23.381 23.590 
3.665 32.928 29.657 27.686 25.918 25.210 24.734 27.202 25.222 24.297 23.889 23.156 23.308 23.304 23.603 
3.882 33.434 29.793 27.928 25.941 25.252 24.820 27.278 25.292 24.320 23.948 23.161 23.245 23.311 23.606 
4.112 33.867 29.726 27.892 26.042 25.318 24.838 27.344 25.329 24.350 23.924 23.129 23.222 23.274 23.586 
4.356 37.407 29.949 28.210 26.049 25.351 24.816 27.470 25.346 24.322 23.942 23.113 23.151 23.251 23.562 
4.614 40.713 30.093 28.132 26.119 25.436 24.869 27.494 25.412 24.346 23.935 23.076 23.114 23.184 23.537 
4.888 43.452 30.266 28.281 26.216 25.439 24.903 27.630 25.438 24.354 23.964 23.085 23.064 23.143 23.536 
5.178 38.529 30.652 28.660 26.330 25.641 25.036 27.842 25.599 24.391 23.966 23.084 23.091 23.209 23.543 
5.485 47.718 31.002 28.714 26.522 25.841 25.203 28.079 25.767 24.548 24.053 23.103 23.047 23.182 23.578 
5.810 46.746 31.210 29.357 26.859 26.156 25.414 28.586 26.050 24.681 24.176 23.160 23.110 23.228 23.659 
6.155 60.730 32.231 29.831 27.235 26.460 25.604 28.975 26.340 24.856 24.307 23.228 23.113 23.267 23.722 
6.520 51.826 33.147 30.530 27.878 26.854 26.060 29.756 26.783 25.097 24.485 23.334 23.189 23.355 23.842 
6.906 67.027 33.953 31.713 28.490 27.440 26.271 30.679 27.218 25.356 24.669 23.462 23.235 23.428 23.958 
7.316 nan 35.259 32.201 29.162 27.988 26.748 31.215 27.745 25.663 24.879 23.599 23.306 23.504 24.089 
7.750 66.576 38.028 33.495 29.820 28.675 27.251 31.893 28.338 25.989 25.040 23.690 23.336 23.568 24.175 
8.210 77.690 36.175 33.378 30.188 29.026 27.571 32.421 28.664 26.256 25.176 23.804 23.405 23.673 24.282 
8.696 nan 37.457 33.874 30.677 29.432 27.786 32.783 28.971 26.443 25.311 23.877 23.454 23.694 24.360 
9.212 79.602 44.537 35.892 30.797 29.596 28.172 33.025 29.299 26.694 25.424 23.982 23.537 23.805 24.458 
9.759 nan 42.866 36.336 31.581 29.977 28.502 33.973 29.676 26.872 25.588 24.123 23.643 23.914 24.584 
10.337 73.066 40.896 34.723 31.927 30.483 28.828 33.985 30.118 27.112 25.732 24.277 23.801 24.072 24.740 
10.950 nan 40.690 38.744 32.404 31.369 29.097 34.519 30.437 27.306 25.891 24.423 23.922 24.176 24.878 
11.600 nan 39.070 36.815 32.413 31.655 29.545 34.537 30.871 27.659 26.147 24.602 24.108 24.371 25.074 
12.288 87.772 43.976 39.649 33.055 32.372 29.924 35.071 31.351 27.976 26.325 24.812 24.290 24.512 25.267 
13.016 98.608 47.230 39.500 33.389 32.342 30.483 36.240 31.662 28.291 26.520 25.034 24.483 24.646 25.473 
13.788 nan 37.769 38.082 33.835 32.199 30.283 36.017 31.518 28.408 26.591 25.246 24.689 24.748 25.657 
14.606 88.886 52.373 39.091 33.525 32.035 30.301 36.280 31.424 28.534 26.706 25.458 24.956 24.908 25.874 
15.472 96.682 42.427 36.382 33.591 31.085 29.977 35.798 30.890 28.536 26.715 25.628 25.268 25.053 26.072 
16.390 nan 41.951 37.148 33.426 30.845 29.911 35.801 30.795 28.575 26.766 25.764 25.593 25.155 26.259 
17.362 nan 49.351 37.039 33.655 30.860 29.986 35.599 30.846 28.762 26.844 25.915 25.821 25.350 26.419 
18.392 nan nan 36.200 34.008 31.103 30.451 35.833 31.181 29.004 26.928 26.014 26.007 25.407 26.548 
19.482 106.838 58.529 36.542 34.698 31.515 30.659 36.553 31.510 29.312 27.116 26.150 26.206 25.549 26.704 
20.638 108.649 nan 40.790 35.886 31.822 31.009 38.667 31.825 29.577 27.266 26.257 26.357 25.698 26.828 
21.862 nan 80.872 39.574 36.760 32.697 31.713 38.306 32.796 29.948 27.494 26.378 26.557 25.842 26.997 
23.158 nan 91.033 40.384 37.678 32.992 31.823 40.819 33.019 30.260 27.724 26.560 26.740 25.923 27.183 
24.532 nan 89.087 40.640 37.466 34.246 32.662 39.698 33.792 30.648 27.998 26.731 26.859 26.077 27.355 
25.987 nan 91.096 nan 37.415 34.481 33.287 39.652 34.449 31.204 28.323 26.927 27.048 26.273 27.575 
27.528 nan nan 66.230 39.770 35.149 32.931 41.313 34.426 31.293 28.636 27.181 27.364 26.588 27.847 
29.160 115.812 92.612 71.024 38.770 37.559 33.430 42.783 35.235 31.867 29.002 27.556 27.787 26.875 28.244 
30.890 inf inf inf inf inf inf inf inf inf inf inf inf inf inf 
