# t[days] lsstu lsstg lsstr lssti lsstz lssty f062 f087 f106 f129 f158 f184 f213 f146 
0.103 24.669 24.182 23.033 26.732 30.005 26.799 23.600 28.049 27.340 29.393 29.139 36.730 34.065 28.368 
0.109 21.589 22.583 22.435 24.650 21.467 26.836 22.565 22.257 25.334 22.034 27.578 28.971 28.355 23.249 
0.116 20.381 21.626 21.430 22.693 23.281 23.760 21.607 23.841 24.056 26.741 25.576 27.803 39.515 25.025 
0.122 20.997 20.945 21.440 23.480 22.290 26.123 21.486 22.985 26.534 24.426 27.765 28.964 32.572 25.464 
0.130 20.279 20.977 22.335 21.460 23.246 21.141 21.607 22.642 21.377 24.941 25.329 29.549 30.921 22.586 
0.137 20.177 20.261 21.498 21.251 22.627 23.946 20.981 22.124 23.810 24.547 22.271 23.079 25.217 23.113 
0.145 19.711 20.822 20.884 21.066 21.865 21.805 20.871 21.548 22.166 25.553 22.203 21.604 28.011 22.525 
0.154 19.919 20.270 20.842 21.597 21.350 22.061 20.756 21.741 21.960 23.742 24.559 23.158 24.431 22.803 
0.163 19.883 20.351 21.361 21.156 21.806 22.417 20.901 22.108 22.204 21.677 24.815 26.169 25.855 22.427 
0.173 19.729 20.112 20.644 21.410 21.580 20.747 20.740 21.267 21.031 22.129 22.193 23.115 25.600 21.784 
0.183 19.807 20.351 20.650 20.876 21.481 22.326 20.736 21.367 22.749 23.207 23.765 25.493 23.629 23.451 
0.194 20.073 20.243 21.091 21.594 22.552 21.362 20.996 22.054 21.631 23.423 21.914 22.288 24.073 21.954 
0.206 19.946 20.468 21.300 21.674 20.412 21.418 21.193 20.791 21.790 22.016 22.227 23.830 24.021 22.138 
0.218 19.835 20.315 21.238 20.727 21.573 21.194 20.818 21.244 21.509 22.293 22.555 24.323 24.692 22.128 
0.231 20.067 20.461 20.897 20.892 21.865 22.212 20.933 21.351 22.386 22.499 22.727 22.526 23.419 22.531 
0.244 20.119 20.630 21.051 21.640 21.932 21.544 21.053 21.796 21.895 22.226 23.478 23.038 23.637 22.391 
0.259 20.213 20.530 21.082 21.095 22.319 21.218 20.931 21.714 21.590 22.481 22.988 22.475 24.865 22.198 
0.274 20.303 20.560 21.208 21.637 22.013 22.084 21.203 21.806 22.236 22.441 22.759 23.684 23.462 22.611 
0.290 20.389 20.799 21.161 21.347 22.196 21.809 21.152 21.834 22.068 22.163 22.821 23.234 22.806 22.470 
0.308 20.421 20.791 21.535 21.681 21.557 21.754 21.356 21.616 21.903 22.206 22.687 22.382 22.673 22.182 
0.326 20.299 20.669 20.998 21.534 21.751 22.155 21.023 21.890 22.129 22.273 22.893 23.447 23.716 22.507 
0.345 20.375 20.863 21.051 21.334 21.405 21.816 21.127 21.466 21.912 22.211 23.041 23.521 23.488 22.376 
0.366 20.380 20.816 21.254 21.467 21.783 21.781 21.220 21.770 21.785 22.169 22.467 23.277 23.379 22.232 
0.387 20.507 20.877 21.057 21.321 21.262 21.733 21.156 21.278 21.742 21.842 22.839 23.562 24.009 22.173 
0.410 20.594 20.787 21.312 21.326 21.458 21.386 21.201 21.400 21.632 22.087 22.152 22.522 23.105 22.015 
0.435 20.618 20.817 21.097 21.160 21.444 21.640 21.064 21.431 21.648 22.057 22.662 22.880 23.291 22.132 
0.461 20.724 20.788 21.209 21.254 21.541 21.392 21.107 21.467 21.474 21.815 21.809 22.367 22.810 21.827 
0.488 20.710 20.913 21.032 21.349 21.517 21.406 21.076 21.425 21.563 21.548 22.039 22.408 22.343 21.773 
0.517 20.742 20.831 20.804 21.016 21.084 21.278 20.847 21.159 21.344 21.372 21.853 22.059 22.596 21.561 
0.547 20.909 20.822 20.922 20.989 21.079 21.238 20.939 21.065 21.338 21.566 21.985 22.524 22.395 21.702 
0.580 21.010 20.838 20.793 20.848 21.001 21.061 20.805 20.959 21.058 21.291 21.616 22.253 22.083 21.401 
0.614 21.224 20.923 20.882 20.898 20.825 21.117 20.859 20.933 21.045 21.156 21.281 21.747 22.082 21.247 
0.651 21.433 20.956 20.823 20.903 21.062 20.867 20.832 20.999 20.930 21.080 21.445 21.761 21.995 21.223 
0.689 21.774 21.118 20.853 20.859 20.881 21.076 20.868 20.920 21.039 21.081 21.474 21.709 21.935 21.256 
0.730 22.087 21.274 20.995 20.827 20.890 20.917 20.991 20.832 20.865 21.098 21.334 21.554 21.840 21.169 
0.773 22.524 21.498 21.130 20.993 20.880 20.974 21.135 20.917 20.965 20.961 21.132 21.676 21.677 21.119 
0.819 22.753 21.688 21.208 21.056 20.996 21.107 21.223 21.018 21.109 21.027 21.237 21.659 21.754 21.201 
0.868 23.179 21.942 21.451 21.102 21.062 21.061 21.372 21.074 21.133 21.129 21.247 21.499 21.772 21.217 
0.919 23.558 22.205 21.690 21.299 21.194 21.170 21.619 21.186 21.234 21.184 21.293 21.606 21.665 21.286 
0.974 24.010 22.531 21.877 21.500 21.278 21.292 21.828 21.309 21.316 21.169 21.277 21.537 21.748 21.304 
1.032 24.184 22.744 22.118 21.631 21.455 21.470 22.062 21.457 21.490 21.230 21.248 21.537 21.781 21.365 
1.093 24.518 23.074 22.297 21.789 21.662 21.586 22.244 21.628 21.616 21.416 21.359 21.601 21.848 21.488 
1.158 24.965 23.392 22.530 22.003 21.856 21.868 22.497 21.829 21.850 21.557 21.427 21.591 21.791 21.609 
1.226 25.345 23.712 22.784 22.241 22.031 21.896 22.733 22.013 21.985 21.703 21.480 21.698 21.888 21.712 
1.299 25.794 23.952 23.037 22.395 22.069 22.065 22.938 22.110 22.104 21.755 21.562 21.717 21.791 21.787 
1.376 26.386 24.319 23.212 22.482 22.296 22.196 23.140 22.238 22.229 21.811 21.625 21.685 21.927 21.839 
1.458 26.414 24.502 23.412 22.709 22.362 22.387 23.344 22.411 22.344 21.912 21.751 21.925 22.010 21.975 
1.544 27.034 24.752 23.621 22.964 22.625 22.471 23.567 22.626 22.425 21.951 21.792 21.864 22.039 21.999 
1.636 27.454 25.069 23.760 23.047 22.733 22.598 23.717 22.707 22.514 22.020 21.810 21.872 22.064 22.046 
1.733 27.739 25.399 24.089 23.275 22.902 22.784 24.008 22.897 22.630 22.110 21.865 22.030 22.122 22.149 
1.836 28.361 25.726 24.240 23.554 23.077 22.999 24.206 23.130 22.799 22.194 21.971 22.112 22.131 22.259 
1.944 28.265 26.176 24.569 23.691 23.348 23.234 24.476 23.343 22.984 22.304 22.072 22.148 22.257 22.365 
2.060 29.040 26.359 24.771 23.985 23.457 23.391 24.739 23.490 23.159 22.407 22.195 22.272 22.262 22.483 
2.182 28.357 26.673 25.116 24.257 23.667 23.455 25.028 23.700 23.220 22.481 22.229 22.366 22.398 22.545 
2.311 30.095 27.207 25.455 24.467 23.858 23.652 25.353 23.908 23.356 22.577 22.326 22.475 22.447 22.646 
2.448 30.588 27.619 25.707 24.730 24.053 23.830 25.613 24.090 23.442 22.659 22.400 22.545 22.507 22.728 
2.594 30.929 27.833 25.984 25.015 24.295 23.998 25.874 24.359 23.636 22.768 22.437 22.561 22.575 22.793 
2.747 31.714 28.468 26.379 25.139 24.492 24.125 26.162 24.514 23.661 22.806 22.472 22.576 22.604 22.830 
2.910 32.380 29.112 26.840 25.498 24.837 24.322 26.526 24.824 23.825 22.950 22.538 22.639 22.584 22.926 
3.083 36.152 29.273 27.312 25.831 25.091 24.454 27.005 25.026 23.988 23.047 22.558 22.609 22.654 22.967 
3.266 33.107 29.356 27.451 26.052 25.262 24.616 27.112 25.245 24.045 23.083 22.614 22.691 22.659 23.031 
3.459 36.409 30.253 27.967 26.308 25.458 24.835 27.583 25.447 24.203 23.170 22.622 22.621 22.690 23.043 
3.665 38.705 30.426 27.912 26.425 25.551 24.879 27.641 25.510 24.260 23.170 22.557 22.597 22.591 23.020 
3.882 40.378 30.619 28.281 26.470 25.708 25.018 27.769 25.677 24.307 23.199 22.573 22.519 22.566 23.018 
4.112 40.779 30.713 28.758 26.673 25.936 25.058 28.151 25.818 24.324 23.207 22.526 22.500 22.573 22.997 
4.356 nan 30.959 28.629 26.846 25.973 25.120 28.172 25.880 24.362 23.232 22.506 22.443 22.529 22.976 
4.614 39.558 31.762 28.838 27.027 26.170 25.165 28.342 26.022 24.371 23.233 22.511 22.402 22.513 22.966 
4.888 34.679 31.596 29.226 26.997 26.210 25.357 28.362 26.145 24.441 23.238 22.494 22.392 22.505 22.962 
5.178 40.284 31.452 29.245 27.209 26.354 25.343 28.531 26.229 24.503 23.269 22.476 22.367 22.507 22.959 
5.485 51.626 32.671 29.779 27.386 26.470 25.521 28.849 26.403 24.540 23.295 22.521 22.403 22.553 22.994 
5.810 46.212 32.337 29.884 27.479 26.641 25.529 28.944 26.423 24.635 23.366 22.535 22.424 22.570 23.027 
6.155 59.585 32.885 30.260 27.887 27.016 25.807 29.424 26.829 24.798 23.453 22.596 22.473 22.625 23.099 
6.520 nan 34.175 30.767 28.053 27.229 25.960 29.698 26.981 24.943 23.607 22.685 22.500 22.706 23.176 
6.906 nan 35.132 31.486 28.789 27.543 26.231 30.545 27.339 25.172 23.754 22.780 22.589 22.806 23.289 
7.316 57.589 36.374 31.997 29.128 27.784 26.489 30.891 27.609 25.376 23.903 22.880 22.657 22.861 23.393 
7.750 82.998 38.465 33.297 29.953 28.171 26.866 31.880 28.049 25.573 24.088 22.972 22.701 22.989 23.486 
8.210 nan 41.296 34.814 30.381 28.587 27.227 32.349 28.445 25.927 24.273 23.091 22.764 23.102 23.601 
8.696 nan 42.577 33.933 30.665 29.369 27.612 32.363 29.035 26.181 24.419 23.199 22.806 23.173 23.689 
9.212 78.027 nan 34.522 31.111 29.657 27.749 32.690 29.071 26.388 24.591 23.309 22.879 23.304 23.790 
9.759 89.304 58.463 36.146 31.841 29.712 28.185 33.361 29.541 26.564 24.700 23.435 22.981 23.442 23.901 
10.337 nan 48.001 34.204 31.812 30.583 28.486 34.110 30.072 26.830 24.884 23.587 23.124 23.549 24.051 
10.950 nan 58.207 40.309 32.321 30.681 29.006 34.866 30.324 26.974 25.046 23.742 23.306 23.689 24.219 
11.600 93.566 61.543 35.453 33.182 31.091 29.444 34.303 30.815 27.198 25.191 23.914 23.477 23.793 24.384 
12.288 93.955 58.542 38.382 35.893 31.135 29.844 38.049 31.272 27.495 25.369 24.077 23.636 23.903 24.545 
13.016 95.882 54.755 36.198 34.340 31.759 30.552 36.279 32.003 27.699 25.553 24.305 23.829 24.045 24.747 
13.788 97.092 55.014 39.489 33.949 32.360 30.232 36.577 31.684 27.894 25.721 24.481 23.997 24.132 24.914 
14.606 98.916 50.507 39.629 34.577 31.527 30.267 36.767 31.373 27.930 25.828 24.717 24.226 24.233 25.123 
15.472 99.303 44.580 36.889 33.282 30.665 29.750 34.942 30.675 27.745 25.793 24.871 24.464 24.299 25.268 
16.390 101.586 47.673 35.944 32.790 30.085 29.192 35.397 30.079 27.675 25.851 24.992 24.780 24.418 25.439 
17.362 102.416 44.543 34.189 32.308 29.798 29.183 33.598 29.971 27.641 25.907 25.132 24.973 24.473 25.573 
18.392 nan 46.503 35.335 32.670 30.238 29.405 35.095 30.276 27.843 26.064 25.320 25.202 24.585 25.754 
19.482 nan 51.410 37.343 33.401 30.362 29.666 35.654 30.535 28.047 26.161 25.434 25.323 24.728 25.871 
20.638 108.057 50.112 38.615 33.587 30.949 30.139 36.721 31.068 28.372 26.295 25.576 25.549 24.782 26.033 
21.862 110.258 75.143 39.467 34.431 31.351 30.546 35.947 31.453 28.528 26.512 25.692 25.735 24.911 26.181 
23.158 nan nan 43.879 34.179 32.240 30.958 38.795 32.108 28.905 26.707 25.814 25.855 25.030 26.323 
24.532 110.698 91.979 44.044 35.087 32.445 31.281 43.027 32.212 29.332 27.062 26.028 26.050 25.189 26.553 
25.987 nan 78.050 40.003 37.858 32.864 32.302 40.630 33.260 29.707 27.314 26.239 26.222 25.362 26.762 
27.528 112.803 92.814 49.807 35.812 34.037 32.703 37.041 33.918 30.146 27.601 26.489 26.566 25.580 27.049 
29.160 116.257 nan nan 41.554 34.842 32.525 44.923 34.156 30.440 27.858 26.820 26.944 25.975 27.390 
30.890 inf inf inf inf inf inf inf inf inf inf inf inf inf inf 
