# t[days] lsstu lsstg lsstr lssti lsstz lssty f062 f087 f106 f129 f158 f184 f213 f146 
0.103 22.996 22.903 25.111 25.239 23.330 25.607 24.089 23.988 26.514 24.885 30.367 26.351 25.672 25.742 
0.109 19.834 20.106 21.428 20.829 20.457 22.438 21.006 20.839 21.595 22.750 21.511 21.517 25.520 21.966 
0.116 20.238 19.730 20.469 20.480 20.244 21.311 20.250 20.608 20.566 22.942 22.406 20.529 27.052 21.121 
0.122 19.683 19.604 19.836 19.736 21.138 21.299 19.842 20.277 20.533 21.894 22.110 26.257 27.618 21.485 
0.130 19.661 20.041 19.807 20.198 19.980 22.237 19.900 20.353 21.291 21.583 22.660 23.522 24.290 21.824 
0.137 19.923 19.707 20.052 20.100 19.644 20.908 19.914 20.180 21.071 21.413 22.615 23.203 20.658 21.574 
0.145 19.834 19.816 20.470 20.045 20.432 19.870 20.251 20.169 20.171 21.295 22.665 23.963 24.889 21.082 
0.154 20.073 20.258 20.045 20.393 20.318 21.052 20.167 20.472 21.460 21.192 22.249 22.509 23.852 21.604 
0.163 19.964 20.120 20.280 20.379 20.195 21.474 20.342 20.325 21.468 20.471 20.962 22.663 21.995 21.038 
0.173 19.893 20.167 20.336 20.333 20.311 20.646 20.279 20.332 20.995 20.638 21.565 21.378 21.904 21.044 
0.183 20.233 20.132 20.153 19.827 20.933 22.039 20.152 20.530 21.289 20.122 20.903 21.079 21.622 20.876 
0.194 20.182 20.362 20.352 20.395 20.290 20.715 20.435 20.288 21.182 21.148 20.338 20.452 22.337 20.769 
0.206 20.341 20.412 20.843 20.529 20.798 21.165 20.567 20.817 21.100 20.868 21.402 21.316 22.502 21.131 
0.218 20.488 20.296 20.354 20.599 20.632 21.811 20.544 20.639 21.444 20.509 20.774 21.381 21.228 21.024 
0.231 20.687 20.342 20.506 21.016 21.336 20.997 20.575 21.201 20.995 21.495 21.370 22.834 22.405 21.376 
0.244 20.364 20.557 20.796 20.713 20.830 21.266 20.721 20.874 21.312 21.254 21.318 21.321 21.968 21.322 
0.259 20.789 20.704 20.884 20.835 21.057 21.084 20.855 20.966 21.121 20.630 20.807 20.948 21.923 20.775 
0.274 20.483 20.893 20.776 21.099 21.226 21.325 20.956 21.189 21.394 21.276 21.123 21.740 22.072 21.318 
0.290 20.656 20.857 20.983 21.245 21.151 22.058 21.032 21.300 21.883 21.719 21.499 21.472 21.368 21.692 
0.308 20.684 20.976 21.201 21.316 21.488 21.240 21.179 21.469 21.294 21.374 21.654 21.234 20.666 21.407 
0.326 20.888 21.149 21.014 20.970 21.012 21.023 21.028 21.014 21.326 21.763 21.524 21.561 21.803 21.465 
0.345 20.869 20.874 20.972 21.281 21.024 21.230 20.975 21.188 21.368 21.579 22.134 21.356 22.047 21.547 
0.366 20.913 20.955 21.208 21.266 20.974 21.183 21.123 21.128 21.224 21.747 21.963 21.276 21.840 21.470 
0.387 21.011 20.796 20.935 21.132 20.888 20.951 20.933 21.057 20.843 21.183 21.644 21.521 22.149 21.197 
0.410 21.223 21.144 21.465 21.209 21.295 20.804 21.329 21.102 20.853 21.507 21.714 21.248 21.551 21.259 
0.435 21.247 21.097 21.317 21.240 21.164 21.463 21.191 21.274 21.460 21.524 21.938 22.063 21.816 21.694 
0.461 21.330 21.216 21.142 21.212 21.524 21.285 21.192 21.369 21.269 21.282 21.408 21.760 22.043 21.414 
0.488 21.477 21.257 21.138 21.066 21.182 21.019 21.118 21.098 21.328 21.353 21.637 21.272 21.700 21.395 
0.517 21.432 21.305 21.210 21.213 21.453 21.391 21.199 21.379 21.540 21.322 21.528 21.340 21.725 21.449 
0.547 21.522 21.471 21.355 21.196 21.247 21.202 21.348 21.210 21.306 21.330 21.618 21.645 21.948 21.445 
0.580 21.519 21.449 21.264 21.124 21.435 21.372 21.251 21.328 21.422 21.379 21.507 21.881 21.727 21.522 
0.614 21.659 21.371 21.354 21.278 21.396 21.433 21.330 21.372 21.357 21.373 21.465 21.482 21.809 21.427 
0.651 21.806 21.525 21.342 21.204 21.402 21.185 21.314 21.312 21.279 21.321 21.532 21.435 21.551 21.377 
0.689 21.971 21.528 21.281 21.292 21.288 21.459 21.302 21.350 21.431 21.396 21.601 21.396 21.742 21.457 
0.730 22.077 21.503 21.360 21.147 21.287 21.244 21.302 21.247 21.328 21.365 21.557 21.559 21.526 21.449 
0.773 22.070 21.612 21.377 21.232 21.186 21.209 21.372 21.211 21.243 21.255 21.439 21.540 21.837 21.348 
0.819 22.379 21.676 21.441 21.234 21.241 21.315 21.403 21.267 21.299 21.317 21.277 21.414 21.603 21.323 
0.868 22.544 21.757 21.421 21.266 21.302 21.227 21.419 21.289 21.290 21.357 21.361 21.359 21.803 21.326 
0.919 22.879 21.881 21.539 21.334 21.240 21.329 21.518 21.299 21.329 21.221 21.315 21.415 21.629 21.330 
0.974 23.034 22.033 21.594 21.328 21.258 21.255 21.571 21.283 21.287 21.226 21.314 21.476 21.712 21.317 
1.032 23.164 22.094 21.692 21.358 21.345 21.330 21.649 21.334 21.326 21.271 21.367 21.423 21.619 21.349 
1.093 23.595 22.188 21.813 21.456 21.280 21.211 21.758 21.294 21.263 21.205 21.322 21.437 21.656 21.297 
1.158 23.696 22.329 21.790 21.472 21.360 21.332 21.765 21.368 21.311 21.217 21.315 21.389 21.642 21.303 
1.226 24.020 22.496 21.987 21.639 21.497 21.449 21.950 21.534 21.402 21.296 21.427 21.358 21.552 21.373 
1.299 24.234 22.565 22.031 21.595 21.508 21.421 21.961 21.502 21.396 21.250 21.397 21.434 21.501 21.367 
1.376 24.523 22.755 22.103 21.632 21.500 21.325 22.041 21.490 21.327 21.218 21.340 21.361 21.562 21.312 
1.458 24.789 22.783 22.167 21.744 21.584 21.381 22.116 21.565 21.349 21.247 21.356 21.455 21.438 21.344 
1.544 24.993 22.879 22.204 21.775 21.650 21.396 22.167 21.603 21.332 21.225 21.359 21.400 21.508 21.330 
1.636 25.391 23.005 22.219 21.787 21.586 21.394 22.194 21.577 21.351 21.219 21.331 21.322 21.429 21.303 
1.733 25.570 23.194 22.333 21.810 21.682 21.342 22.288 21.604 21.354 21.211 21.317 21.319 21.451 21.302 
1.836 26.216 23.345 22.398 21.935 21.735 21.445 22.382 21.695 21.396 21.265 21.333 21.347 21.460 21.329 
1.944 26.400 23.588 22.480 21.978 21.681 21.461 22.480 21.671 21.453 21.242 21.317 21.300 21.436 21.331 
2.060 26.921 23.758 22.622 22.027 21.817 21.422 22.579 21.749 21.423 21.254 21.332 21.342 21.391 21.338 
2.182 27.002 23.986 22.740 22.119 21.939 21.508 22.705 21.849 21.484 21.258 21.358 21.342 21.372 21.362 
2.311 27.130 24.207 22.912 22.239 21.890 21.469 22.881 21.822 21.497 21.315 21.360 21.334 21.310 21.377 
2.448 27.664 24.433 23.023 22.360 22.040 21.586 22.998 21.966 21.594 21.321 21.329 21.390 21.386 21.407 
2.594 28.204 24.742 23.189 22.475 22.137 21.632 23.151 22.047 21.619 21.333 21.325 21.357 21.285 21.410 
2.747 29.026 25.201 23.418 22.623 22.182 21.677 23.360 22.113 21.678 21.355 21.341 21.410 21.328 21.438 
2.910 28.641 25.572 23.701 22.780 22.322 21.726 23.597 22.221 21.749 21.388 21.328 21.399 21.310 21.456 
3.083 29.949 25.812 23.917 22.949 22.369 21.832 23.799 22.315 21.816 21.424 21.342 21.412 21.326 21.491 
3.266 30.060 26.139 24.208 23.111 22.516 21.935 24.007 22.449 21.928 21.498 21.363 21.447 21.335 21.544 
3.459 30.902 26.449 24.428 23.273 22.689 22.046 24.184 22.617 22.023 21.569 21.358 21.413 21.333 21.576 
3.665 30.992 26.683 24.778 23.522 22.905 22.200 24.447 22.817 22.192 21.664 21.400 21.435 21.335 21.651 
3.882 33.736 27.097 25.094 23.731 23.061 22.350 24.694 23.010 22.313 21.774 21.452 21.473 21.347 21.726 
4.112 32.803 27.184 25.447 23.931 23.268 22.508 24.949 23.184 22.453 21.854 21.466 21.478 21.398 21.776 
4.356 32.555 27.796 25.818 24.246 23.454 22.704 25.284 23.407 22.619 21.946 21.504 21.479 21.433 21.836 
4.614 36.519 28.249 26.229 24.471 23.702 22.854 25.580 23.604 22.744 22.041 21.544 21.507 21.412 21.900 
4.888 36.581 28.510 26.729 24.807 23.846 23.039 25.961 23.800 22.904 22.151 21.578 21.497 21.462 21.957 
5.178 40.580 29.272 27.231 25.212 24.169 23.268 26.396 24.100 23.091 22.310 21.611 21.498 21.480 22.020 
5.485 47.802 29.529 27.735 25.761 24.483 23.522 27.013 24.398 23.259 22.451 21.697 21.552 21.534 22.117 
5.810 nan 30.601 28.499 26.190 24.819 23.793 27.458 24.734 23.469 22.570 21.751 21.590 21.604 22.194 
6.155 44.074 31.849 28.947 26.637 25.145 24.061 27.966 25.045 23.633 22.723 21.858 21.675 21.699 22.304 
6.520 nan 31.539 29.602 27.191 25.500 24.386 28.505 25.418 23.894 22.895 21.965 21.718 21.789 22.411 
6.906 58.305 32.234 30.455 27.642 25.903 24.547 29.157 25.684 24.078 23.038 22.072 21.814 21.890 22.527 
7.316 55.615 32.572 30.905 28.078 26.367 24.881 29.581 26.104 24.283 23.124 22.160 21.919 21.962 22.629 
7.750 nan 35.594 30.642 28.245 26.593 25.146 29.601 26.393 24.497 23.283 22.287 22.061 22.093 22.766 
8.210 77.406 33.078 31.941 29.088 27.211 25.401 30.295 26.793 24.726 23.440 22.434 22.176 22.208 22.909 
8.696 87.051 32.624 32.060 29.168 27.320 25.603 30.723 26.902 24.943 23.583 22.621 22.334 22.361 23.081 
9.212 89.751 35.963 32.938 29.700 27.730 25.929 31.319 27.339 25.229 23.706 22.798 22.524 22.565 23.263 
9.759 92.771 54.352 35.630 29.987 27.966 26.170 32.084 27.492 25.472 23.856 22.925 22.725 22.734 23.428 
10.337 91.067 40.031 33.974 30.809 28.221 26.586 32.353 27.895 25.917 24.021 23.098 22.925 22.881 23.615 
10.950 nan 36.326 35.674 31.177 28.809 26.957 33.558 28.315 26.226 24.250 23.241 23.086 23.078 23.792 
11.600 96.701 63.740 34.230 31.670 29.284 27.277 32.900 28.698 26.484 24.503 23.457 23.303 23.284 24.015 
12.288 97.215 53.284 36.122 33.243 29.940 28.076 34.560 29.562 26.933 24.720 23.673 23.527 23.537 24.253 
13.016 nan 74.682 45.149 31.905 30.062 28.421 33.664 29.678 27.401 25.062 23.970 23.856 23.831 24.576 
13.788 98.320 nan 45.013 32.604 30.683 29.203 37.279 30.422 27.655 25.433 24.230 24.115 24.137 24.856 
14.606 98.767 82.248 44.119 36.412 31.965 29.920 41.294 31.391 28.194 25.858 24.642 24.531 24.460 25.266 
15.472 99.836 85.551 41.447 35.622 32.050 30.099 37.358 31.430 28.513 26.298 25.022 24.964 24.871 25.673 
16.390 101.883 86.159 61.816 35.285 32.644 30.849 45.452 32.158 29.185 26.669 25.491 25.432 25.246 26.131 
17.362 102.737 nan nan 40.180 32.516 30.799 41.235 32.131 29.009 26.956 25.958 25.858 25.539 26.539 
18.392 105.941 nan nan 37.709 33.508 31.482 38.682 32.731 29.939 27.269 26.478 26.526 25.948 27.063 
19.482 nan nan nan 34.990 33.461 30.963 nan 32.436 30.562 27.998 27.265 27.200 26.623 27.821 
20.638 107.849 90.476 nan 72.350 37.221 33.405 nan 34.932 32.024 29.160 28.382 28.402 27.763 28.962 
21.862 107.504 92.609 87.929 nan 76.376 nan nan nan 34.797 31.909 30.714 30.025 28.810 31.053 
23.158 nan nan nan nan nan nan 83.432 nan nan 32.866 32.598 31.472 29.465 32.452 
24.532 111.745 93.659 nan 79.214 77.607 75.451 nan 76.392 nan 36.161 33.281 31.368 30.787 32.822 
25.987 112.283 94.553 nan 80.091 78.742 77.780 88.085 79.754 nan nan 45.900 31.405 30.620 32.981 
27.528 114.003 96.474 92.099 nan 82.515 78.596 86.052 79.634 nan nan 60.478 33.322 31.641 34.899 
29.160 nan nan 93.264 nan nan nan 87.226 82.819 nan nan 34.230 33.049 31.686 34.575 
30.890 inf inf inf inf inf inf inf inf inf inf inf inf inf inf 
