# t[days] lsstu lsstg lsstr lssti lsstz lssty f062 f087 f106 f129 f158 f184 f213 f146 
0.103 26.235 26.042 27.195 28.521 28.900 27.107 26.945 28.361 27.787 29.542 28.928 29.393 35.570 28.619 
0.109 22.477 23.054 23.143 25.094 27.875 24.939 23.326 25.628 25.642 26.790 30.084 31.390 28.174 26.711 
0.116 22.382 22.691 23.745 24.669 23.230 26.350 23.550 24.005 25.544 23.571 24.854 28.654 26.492 24.659 
0.122 22.248 22.543 22.864 22.940 24.710 25.538 22.723 24.623 23.496 24.096 24.394 25.437 25.737 24.124 
0.130 22.087 22.433 22.733 23.520 23.056 22.171 22.918 22.730 22.567 23.669 24.925 24.847 32.626 23.498 
0.137 21.910 22.302 22.235 23.440 23.877 23.239 22.464 23.555 23.542 23.613 25.486 24.042 23.068 23.911 
0.145 21.996 22.147 22.293 22.781 22.890 22.721 22.423 22.646 23.298 24.443 24.228 23.883 26.242 23.745 
0.154 22.002 22.052 22.506 23.139 24.273 23.577 22.420 24.087 23.381 23.829 23.326 24.930 25.651 23.661 
0.163 21.967 22.258 22.402 22.427 23.371 23.322 22.344 23.158 23.254 23.935 24.173 23.437 23.353 23.622 
0.173 22.221 22.434 22.675 22.635 23.282 23.819 22.562 23.353 23.598 23.750 24.673 25.546 24.114 24.099 
0.183 22.223 22.364 22.888 22.637 23.496 23.310 22.657 23.333 23.157 23.894 24.647 24.361 23.977 23.849 
0.194 22.285 22.286 22.466 22.588 23.251 23.999 22.425 23.266 23.606 23.373 24.014 25.476 24.376 23.924 
0.206 22.265 22.425 22.643 22.931 23.375 24.309 22.702 23.343 23.447 23.820 23.929 23.284 24.091 23.586 
0.218 22.356 22.566 22.847 22.851 23.260 23.294 22.806 23.219 23.447 23.300 24.121 24.211 24.697 23.657 
0.231 22.416 22.656 22.859 23.353 23.669 23.566 22.935 23.584 23.223 23.584 24.015 24.857 25.572 23.735 
0.244 22.495 22.705 22.732 23.193 23.024 23.283 22.851 23.178 23.408 24.061 24.326 24.167 24.350 23.931 
0.259 22.693 22.872 22.985 23.167 23.043 23.601 23.042 23.146 23.614 23.490 24.148 24.562 24.144 23.853 
0.274 22.699 22.858 22.942 23.281 23.080 23.326 23.014 23.155 23.318 23.352 23.935 24.241 24.556 23.615 
0.290 22.654 22.840 23.073 23.169 23.166 23.433 23.052 23.208 23.390 23.368 23.653 24.646 24.778 23.634 
0.308 22.756 22.862 22.948 23.064 22.854 23.304 22.954 23.018 23.371 23.234 23.512 23.607 23.632 23.426 
0.326 22.866 22.894 22.876 23.030 22.930 22.958 22.921 22.978 23.091 23.475 23.582 23.567 23.891 23.384 
0.345 22.964 22.814 22.808 22.920 22.990 23.086 22.826 22.999 23.108 23.073 23.313 24.013 24.131 23.270 
0.366 23.237 23.094 22.720 23.081 22.901 22.988 22.876 22.989 23.015 23.090 23.408 23.768 24.251 23.253 
0.387 23.302 23.006 22.764 22.918 22.827 22.953 22.837 22.892 22.871 23.033 23.427 23.548 23.947 23.180 
0.410 23.510 23.260 23.006 22.797 22.884 22.938 22.991 22.859 22.974 22.980 23.336 23.396 23.441 23.122 
0.435 23.757 23.384 22.987 22.929 22.864 22.910 23.032 22.889 22.924 23.011 23.139 23.274 23.185 23.052 
0.461 23.873 23.476 23.194 23.023 23.006 22.841 23.184 22.962 22.895 23.023 23.041 23.073 23.390 23.022 
0.488 24.115 23.651 23.241 23.051 23.033 23.049 23.229 23.067 23.054 23.144 23.128 23.271 23.180 23.137 
0.517 24.417 23.985 23.522 23.223 23.287 23.161 23.526 23.213 23.153 23.229 23.222 23.158 23.372 23.187 
0.547 24.578 24.059 23.580 23.432 23.359 23.220 23.606 23.352 23.230 23.177 23.172 23.140 23.350 23.190 
0.580 24.923 24.245 23.694 23.487 23.490 23.302 23.727 23.407 23.357 23.164 23.274 23.149 23.305 23.248 
0.614 25.207 24.273 23.829 23.598 23.520 23.441 23.824 23.538 23.438 23.362 23.256 23.277 23.272 23.338 
0.651 25.488 24.493 23.945 23.641 23.539 23.421 23.920 23.525 23.435 23.492 23.392 23.488 23.595 23.447 
0.689 25.806 24.726 24.140 23.838 23.620 23.513 24.105 23.647 23.563 23.406 23.503 23.391 23.546 23.475 
0.730 26.128 24.947 24.298 23.878 23.754 23.551 24.245 23.719 23.599 23.547 23.458 23.401 23.570 23.510 
0.773 26.476 25.188 24.426 24.023 23.813 23.753 24.386 23.841 23.716 23.548 23.403 23.329 23.518 23.517 
0.819 26.739 25.264 24.560 24.119 23.921 23.728 24.519 23.904 23.811 23.655 23.403 23.553 23.623 23.587 
0.868 26.999 25.362 24.635 24.173 24.062 23.901 24.580 24.028 23.901 23.666 23.490 23.485 23.562 23.638 
0.919 27.321 25.617 24.732 24.231 24.072 23.857 24.688 24.046 23.864 23.705 23.537 23.498 23.656 23.647 
0.974 27.605 25.780 24.848 24.332 24.091 24.002 24.817 24.096 23.958 23.699 23.555 23.535 23.566 23.702 
1.032 28.119 25.847 24.866 24.474 24.276 24.081 24.858 24.260 24.080 23.808 23.611 23.675 23.523 23.798 
1.093 28.661 26.133 25.053 24.570 24.299 24.164 25.040 24.302 24.193 23.800 23.675 23.792 23.763 23.869 
1.158 29.135 26.333 25.239 24.647 24.318 24.239 25.184 24.356 24.233 23.881 23.704 23.743 23.776 23.886 
1.226 29.524 26.597 25.269 24.714 24.398 24.272 25.237 24.428 24.318 23.947 23.736 23.803 23.845 23.945 
1.299 30.165 26.847 25.411 24.730 24.449 24.321 25.362 24.451 24.326 23.958 23.768 23.869 23.873 23.978 
1.376 30.376 27.062 25.597 24.871 24.520 24.368 25.525 24.547 24.392 23.984 23.798 23.950 24.014 24.028 
1.458 31.261 27.395 25.809 24.997 24.531 24.352 25.714 24.567 24.397 24.019 23.875 23.961 23.959 24.054 
1.544 30.992 27.591 25.898 25.081 24.606 24.476 25.803 24.658 24.427 24.083 23.951 24.018 23.968 24.119 
1.636 31.650 27.900 25.986 25.142 24.622 24.494 25.914 24.674 24.496 24.126 23.966 24.063 24.061 24.156 
1.733 32.235 28.212 26.277 25.258 24.789 24.652 26.155 24.832 24.565 24.173 24.017 24.102 24.104 24.206 
1.836 31.972 28.525 26.470 25.403 24.854 24.672 26.314 24.910 24.615 24.297 24.026 24.145 24.149 24.263 
1.944 33.180 28.934 26.696 25.597 24.966 24.790 26.524 25.044 24.662 24.312 24.036 24.102 24.110 24.268 
2.060 33.897 29.179 26.962 25.669 24.990 24.758 26.704 25.054 24.688 24.361 24.054 24.164 24.157 24.307 
2.182 35.183 29.615 27.207 25.811 25.159 24.862 26.897 25.205 24.764 24.410 24.078 24.152 24.186 24.341 
2.311 34.859 29.770 27.479 25.988 25.224 24.951 27.103 25.307 24.842 24.487 24.112 24.148 24.173 24.383 
2.448 37.644 29.995 27.783 26.133 25.402 25.029 27.328 25.437 24.894 24.557 24.130 24.142 24.181 24.412 
2.594 34.846 30.652 28.116 26.358 25.524 25.138 27.605 25.567 24.964 24.585 24.124 24.111 24.166 24.422 
2.747 36.948 30.916 28.482 26.515 25.690 25.239 27.837 25.711 25.042 24.698 24.187 24.130 24.171 24.492 
2.910 38.920 31.116 28.689 26.714 25.838 25.343 28.028 25.847 25.122 24.757 24.201 24.157 24.180 24.524 
3.083 41.512 31.533 29.102 26.964 26.058 25.547 28.357 26.072 25.260 24.814 24.246 24.141 24.210 24.572 
3.266 40.017 31.957 29.495 27.321 26.294 25.748 28.787 26.316 25.420 24.956 24.295 24.156 24.227 24.649 
3.459 45.698 32.438 29.852 27.513 26.699 25.962 29.066 26.598 25.569 25.045 24.371 24.186 24.279 24.724 
3.665 52.554 33.150 30.356 27.895 26.940 26.200 29.500 26.862 25.728 25.186 24.435 24.188 24.269 24.790 
3.882 nan 33.276 30.730 28.282 27.192 26.409 29.987 27.103 25.905 25.317 24.540 24.217 24.315 24.881 
4.112 nan 34.005 31.235 28.731 27.558 26.718 30.543 27.462 26.108 25.464 24.619 24.275 24.357 24.974 
4.356 57.529 35.867 32.048 29.129 27.988 27.073 31.080 27.862 26.370 25.655 24.707 24.325 24.410 25.079 
4.614 53.996 35.327 32.845 29.682 28.418 27.431 31.926 28.265 26.594 25.803 24.804 24.372 24.474 25.173 
4.888 62.425 36.386 33.958 30.360 29.034 27.968 32.953 28.870 26.960 26.019 24.917 24.433 24.547 25.296 
5.178 66.164 38.901 34.487 31.078 29.637 28.511 33.545 29.455 27.285 26.224 25.044 24.519 24.625 25.427 
5.485 nan 39.521 35.165 31.505 30.229 28.938 34.016 30.004 27.601 26.428 25.211 24.643 24.760 25.579 
5.810 83.046 41.132 35.377 32.160 30.874 29.519 34.751 30.593 27.999 26.649 25.360 24.772 24.876 25.737 
6.155 84.060 42.030 36.343 33.018 31.714 30.143 35.814 31.447 28.401 26.902 25.547 24.910 25.039 25.915 
6.520 83.567 45.815 36.748 33.075 31.924 30.535 35.981 31.682 28.691 27.167 25.752 25.089 25.211 26.115 
6.906 84.912 40.119 37.991 33.932 32.662 31.046 36.924 32.249 29.120 27.433 25.987 25.258 25.381 26.318 
7.316 nan 47.059 38.884 34.792 33.265 31.485 37.019 32.785 29.486 27.673 26.210 25.490 25.561 26.551 
7.750 nan 44.944 41.045 35.162 33.853 31.874 38.401 33.267 29.932 27.850 26.391 25.700 25.770 26.750 
8.210 99.168 48.331 40.117 35.466 33.647 31.965 38.242 33.077 30.128 28.094 26.643 25.974 26.013 27.012 
8.696 nan 42.903 40.692 35.612 34.040 32.024 39.230 33.260 30.355 28.166 26.821 26.248 26.210 27.230 
9.212 103.333 43.897 38.732 35.102 33.545 31.796 37.031 32.881 30.385 28.198 27.008 26.562 26.420 27.457 
9.759 nan 42.507 39.138 35.574 33.189 31.731 37.730 32.819 30.466 28.291 27.156 26.863 26.638 27.658 
10.337 nan 42.910 39.052 36.046 32.650 31.498 37.871 32.467 30.402 28.296 27.265 27.146 26.818 27.817 
10.950 109.759 43.318 39.162 35.507 32.647 31.707 38.126 32.598 30.638 28.417 27.333 27.313 26.980 27.939 
11.600 111.543 58.192 39.315 36.458 33.337 32.065 38.639 33.045 30.877 28.577 27.507 27.492 27.167 28.109 
12.288 nan 64.173 40.868 36.519 33.624 32.319 38.594 33.326 31.020 28.742 27.586 27.643 27.274 28.234 
13.016 nan 61.598 40.450 38.760 34.312 32.778 40.109 33.970 31.350 28.940 27.680 27.754 27.433 28.353 
13.788 nan nan 47.189 40.069 34.242 33.173 46.597 34.362 31.673 29.158 27.795 27.867 27.516 28.485 
14.606 nan nan 63.300 38.913 35.714 33.739 40.421 35.045 32.078 29.464 27.940 28.051 27.699 28.662 
15.472 nan 89.752 69.596 38.932 36.303 34.310 45.443 35.704 32.485 29.713 28.109 28.180 27.838 28.839 
16.390 nan nan nan 43.509 35.526 34.514 47.952 35.726 32.749 30.032 28.308 28.412 28.054 29.064 
17.362 nan 93.311 nan 40.791 38.689 34.720 50.541 36.831 33.124 30.437 28.612 28.797 28.393 29.403 
18.392 118.418 nan 86.126 nan 58.241 35.195 83.885 38.548 33.546 31.023 28.961 29.253 28.796 29.796 
19.482 118.947 nan 88.024 70.938 38.801 36.019 85.848 37.098 34.692 32.094 29.898 30.154 29.715 30.743 
20.638 122.559 nan 90.195 85.043 72.981 39.207 86.717 nan 36.339 33.748 31.690 31.936 31.314 32.517 
21.862 nan 97.200 91.903 84.510 81.913 78.148 89.504 78.598 78.875 45.433 35.154 34.007 32.424 35.292 
23.158 123.442 nan 91.923 nan nan nan nan nan nan nan 36.386 34.944 33.048 36.238 
24.532 nan 100.956 nan nan 82.851 nan nan 84.077 nan 69.780 37.220 35.936 33.802 37.128 
25.987 nan 101.847 nan 90.340 84.015 81.292 nan 82.096 nan nan 37.288 36.010 33.775 37.586 
27.528 nan 102.255 nan 90.179 87.325 83.174 nan 83.343 nan nan 44.515 35.795 34.096 37.372 
29.160 127.574 103.440 96.882 nan nan nan nan nan nan nan 78.758 42.855 35.118 44.424 
30.890 inf inf inf inf inf inf inf inf inf inf inf inf inf inf 
