# t[days] lsstu lsstg lsstr lssti lsstz lssty f062 f087 f106 f129 f158 f184 f213 f146 
0.103 23.364 23.044 21.936 26.796 29.827 25.424 22.554 26.600 26.235 28.005 29.010 38.318 31.809 27.257 
0.109 20.509 21.526 21.273 24.605 20.309 25.520 21.472 21.155 21.075 20.895 26.348 26.939 27.336 22.110 
0.116 19.328 20.422 20.184 23.067 22.450 22.031 20.518 22.459 22.913 24.724 24.406 27.042 39.083 23.886 
0.122 19.837 19.872 20.328 21.691 22.178 25.426 20.454 21.877 25.664 23.252 26.487 27.820 31.436 24.349 
0.130 19.272 19.925 21.286 20.398 21.951 19.728 20.510 20.639 20.250 24.156 24.248 28.257 28.820 21.466 
0.137 18.999 19.094 20.882 19.896 21.713 22.380 19.812 21.856 22.592 23.410 21.114 22.841 24.089 21.980 
0.145 18.624 19.679 19.853 19.918 20.436 20.699 19.692 20.846 21.408 24.596 20.840 20.700 26.932 21.542 
0.154 18.868 19.184 19.667 20.495 20.311 21.294 19.731 20.640 20.861 22.406 23.020 21.986 25.694 21.736 
0.163 18.879 19.303 19.962 20.372 21.089 20.448 19.837 20.986 20.801 20.549 23.966 25.083 24.337 21.283 
0.173 18.612 19.029 19.693 19.966 20.618 19.457 19.682 19.939 19.927 20.809 21.209 22.148 26.309 20.696 
0.183 18.721 19.277 19.564 19.810 20.393 21.496 19.593 20.459 21.846 22.215 23.481 23.567 22.250 22.407 
0.194 19.027 19.187 20.036 20.453 20.862 20.318 19.994 20.831 20.751 22.006 20.763 21.175 21.260 20.946 
0.206 18.878 19.365 20.394 20.351 19.248 20.388 20.102 19.732 20.782 20.903 21.185 24.677 22.830 21.080 
0.218 18.779 19.269 19.913 19.713 20.224 20.332 19.671 20.179 20.605 21.133 21.440 23.502 23.042 21.152 
0.231 18.966 19.360 19.886 19.713 21.290 20.954 19.863 20.247 21.281 21.402 21.474 21.593 22.073 21.408 
0.244 19.073 19.520 20.023 20.532 20.818 20.238 19.966 20.556 20.664 21.157 22.299 22.057 22.578 21.276 
0.259 19.141 19.478 19.918 19.940 21.333 19.954 19.788 20.596 20.502 21.398 21.764 21.419 23.775 21.104 
0.274 19.254 19.503 20.103 20.372 21.281 21.080 20.107 20.790 21.104 21.406 21.670 22.543 22.631 21.546 
0.290 19.244 19.719 20.074 20.292 21.013 20.551 20.031 20.788 20.950 20.934 21.729 21.561 21.829 21.306 
0.308 19.372 19.711 20.346 20.653 20.379 20.763 20.266 20.515 20.914 21.145 21.561 21.347 22.510 21.110 
0.326 19.215 19.528 19.966 20.487 20.659 20.994 19.924 20.790 20.979 21.140 21.820 22.389 22.885 21.405 
0.345 19.293 19.755 19.927 20.162 20.475 20.589 20.011 20.350 20.678 21.061 21.988 22.131 22.611 21.264 
0.366 19.295 19.709 20.162 20.410 20.669 20.524 20.130 20.606 20.661 21.036 21.431 22.192 22.289 21.138 
0.387 19.431 19.783 19.944 20.192 20.110 20.722 20.003 20.233 20.644 20.816 21.842 22.631 22.569 21.103 
0.410 19.508 19.679 20.236 20.218 20.221 20.093 20.087 20.225 20.536 20.896 21.059 21.431 22.081 20.919 
0.435 19.528 19.717 19.937 20.108 20.409 20.451 19.948 20.325 20.523 20.914 21.580 21.748 22.399 21.026 
0.461 19.601 19.686 20.073 20.157 20.294 20.354 19.994 20.335 20.406 20.672 20.811 21.893 21.781 20.748 
0.488 19.606 19.776 19.968 20.176 20.340 20.327 19.961 20.313 20.466 20.385 20.994 21.232 21.247 20.675 
0.517 19.575 19.687 19.674 19.909 20.014 20.058 19.722 20.025 20.162 20.250 20.731 21.025 21.222 20.456 
0.547 19.762 19.685 19.812 19.836 19.977 20.097 19.790 19.972 20.200 20.415 20.924 21.333 21.207 20.601 
0.580 19.873 19.680 19.676 19.673 19.863 19.884 19.653 19.862 19.906 20.160 20.556 20.984 20.994 20.284 
0.614 20.083 19.746 19.740 19.757 19.714 19.973 19.707 19.820 19.897 20.039 20.158 20.655 21.070 20.125 
0.651 20.258 19.771 19.675 19.779 19.924 19.666 19.686 19.842 19.816 19.981 20.376 20.666 20.933 20.122 
0.689 20.547 19.928 19.682 19.736 19.756 19.912 19.716 19.812 19.895 19.947 20.386 20.549 20.714 20.142 
0.730 20.848 20.076 19.818 19.675 19.717 19.815 19.821 19.725 19.762 20.009 20.206 20.524 20.710 20.072 
0.773 21.299 20.262 19.970 19.839 19.738 19.822 19.956 19.776 19.812 19.847 20.083 20.616 20.400 19.996 
0.819 21.517 20.463 20.033 19.870 19.873 19.942 20.034 19.899 19.963 19.851 20.125 20.574 20.598 20.083 
0.868 21.951 20.672 20.280 19.934 19.885 19.939 20.177 19.928 20.003 19.981 20.146 20.424 20.667 20.100 
0.919 22.330 20.944 20.465 20.140 20.005 20.097 20.417 20.048 20.103 20.028 20.192 20.471 20.553 20.163 
0.974 22.714 21.276 20.656 20.307 20.062 20.248 20.616 20.162 20.191 20.015 20.180 20.438 20.675 20.177 
1.032 22.943 21.495 20.875 20.448 20.281 20.397 20.839 20.313 20.333 20.056 20.152 20.428 20.732 20.231 
1.093 23.229 21.796 21.057 20.612 20.462 20.491 21.015 20.477 20.462 20.232 20.242 20.463 20.781 20.345 
1.158 23.648 22.094 21.294 20.804 20.665 20.841 21.247 20.709 20.717 20.364 20.285 20.459 20.683 20.464 
1.226 24.061 22.430 21.522 21.035 20.840 20.827 21.505 20.833 20.842 20.482 20.347 20.589 20.807 20.563 
1.299 24.532 22.679 21.742 21.175 20.888 20.976 21.693 20.938 20.960 20.541 20.436 20.580 20.713 20.631 
1.376 24.997 23.028 21.925 21.270 21.094 21.143 21.862 21.093 21.069 20.609 20.476 20.577 20.867 20.688 
1.458 25.055 23.227 22.129 21.466 21.182 21.279 22.082 21.236 21.170 20.697 20.627 20.752 20.974 20.807 
1.544 25.653 23.439 22.366 21.698 21.444 21.325 22.309 21.425 21.250 20.728 20.649 20.706 20.960 20.834 
1.636 26.025 23.698 22.528 21.759 21.534 21.504 22.444 21.529 21.346 20.810 20.661 20.736 20.979 20.883 
1.733 26.368 24.082 22.787 22.049 21.673 21.663 22.707 21.727 21.432 20.875 20.757 20.903 21.053 20.982 
1.836 26.979 24.384 22.936 22.310 21.868 21.875 22.942 21.922 21.592 20.975 20.845 20.967 21.049 21.085 
1.944 26.923 24.813 23.247 22.453 22.140 22.106 23.181 22.164 21.750 21.063 20.936 21.002 21.171 21.189 
2.060 27.542 25.023 23.467 22.684 22.296 22.236 23.439 22.309 21.908 21.177 21.084 21.102 21.197 21.297 
2.182 26.859 25.362 23.808 22.946 22.463 22.280 23.735 22.461 21.971 21.245 21.097 21.219 21.297 21.366 
2.311 28.511 25.849 24.126 23.169 22.662 22.407 24.034 22.659 22.092 21.336 21.209 21.320 21.349 21.461 
2.448 29.035 26.235 24.361 23.411 22.841 22.615 24.269 22.870 22.154 21.434 21.278 21.362 21.422 21.536 
2.594 29.297 26.445 24.646 23.710 23.082 22.701 24.572 23.081 22.340 21.515 21.311 21.407 21.492 21.604 
2.747 30.098 27.060 25.032 23.777 23.273 22.813 24.810 23.245 22.364 21.542 21.329 21.447 21.470 21.643 
2.910 31.087 27.648 25.359 24.176 23.560 23.015 25.174 23.525 22.522 21.682 21.391 21.479 21.481 21.728 
3.083 35.052 27.897 25.910 24.457 23.791 23.113 25.615 23.716 22.681 21.758 21.405 21.479 21.521 21.774 
3.266 31.238 27.970 25.968 24.746 23.971 23.224 25.765 23.891 22.728 21.800 21.472 21.549 21.536 21.830 
3.459 35.443 28.850 26.518 24.914 24.205 23.438 26.147 24.102 22.871 21.867 21.455 21.487 21.570 21.845 
3.665 34.109 29.003 26.488 25.018 24.246 23.467 26.192 24.176 22.929 21.856 21.395 21.465 21.459 21.818 
3.882 38.527 29.119 26.715 25.164 24.403 23.558 26.350 24.318 22.976 21.891 21.389 21.396 21.445 21.812 
4.112 38.289 29.144 27.294 25.331 24.584 23.600 26.654 24.432 22.995 21.894 21.352 21.382 21.429 21.792 
4.356 36.069 29.455 27.159 25.488 24.623 23.670 26.723 24.515 23.028 21.914 21.317 21.329 21.393 21.774 
4.614 36.604 29.982 27.413 25.664 24.775 23.717 26.910 24.600 23.026 21.921 21.315 21.294 21.379 21.764 
4.888 35.672 30.145 27.627 25.643 24.893 23.842 26.956 24.753 23.069 21.918 21.299 21.291 21.355 21.760 
5.178 38.303 29.807 27.716 25.875 24.955 23.857 27.143 24.793 23.142 21.939 21.280 21.276 21.363 21.757 
5.485 50.307 30.844 28.055 26.090 25.070 23.974 27.358 24.972 23.169 21.973 21.322 21.303 21.406 21.792 
5.810 46.353 30.717 28.355 26.098 25.174 24.082 27.475 25.017 23.251 22.036 21.330 21.335 21.420 21.826 
6.155 53.143 31.242 28.697 26.526 25.623 24.261 27.870 25.330 23.393 22.116 21.388 21.389 21.468 21.894 
6.520 nan 32.347 29.122 26.682 25.778 24.419 28.061 25.514 23.547 22.261 21.458 21.414 21.551 21.973 
6.906 54.496 33.041 29.860 27.356 26.078 24.711 28.869 25.792 23.752 22.408 21.554 21.502 21.652 22.084 
7.316 47.372 34.305 30.353 27.673 26.298 24.912 29.281 26.064 23.952 22.551 21.648 21.566 21.707 22.183 
7.750 82.014 36.838 31.143 28.513 26.687 25.250 30.179 26.476 24.134 22.728 21.720 21.622 21.814 22.278 
8.210 nan 37.832 32.437 28.899 27.130 25.638 30.656 26.837 24.464 22.895 21.823 21.684 21.938 22.390 
8.696 87.255 41.353 31.466 29.424 27.778 25.929 30.955 27.342 24.675 23.038 21.908 21.718 22.018 22.473 
9.212 76.617 35.294 32.446 29.857 27.768 26.232 31.211 27.500 24.885 23.194 22.003 21.794 22.145 22.577 
9.759 nan 54.340 32.444 30.337 28.181 26.460 31.840 27.948 25.053 23.314 22.134 21.889 22.296 22.687 
10.337 92.214 42.138 32.545 30.539 28.941 26.780 32.476 28.255 25.281 23.478 22.284 22.024 22.410 22.834 
10.950 nan 53.285 36.243 30.699 28.881 27.222 32.648 28.782 25.408 23.650 22.438 22.203 22.536 22.999 
11.600 94.768 56.347 32.798 32.426 29.455 27.647 32.975 29.219 25.589 23.797 22.614 22.349 22.650 23.155 
12.288 nan 48.695 37.013 32.865 29.661 27.968 36.276 29.552 25.846 23.983 22.775 22.510 22.776 23.317 
13.016 nan 51.432 34.975 31.832 30.710 28.430 34.163 30.394 26.051 24.182 22.999 22.677 22.934 23.508 
13.788 nan 53.795 37.446 32.618 30.506 28.533 33.975 30.066 26.204 24.349 23.171 22.825 23.023 23.669 
14.606 94.169 47.489 37.284 32.906 29.837 28.547 35.197 29.910 26.268 24.484 23.422 23.015 23.133 23.867 
15.472 101.368 42.312 34.846 31.461 29.108 28.136 33.486 29.262 26.146 24.455 23.597 23.212 23.196 24.007 
16.390 95.493 44.199 34.706 31.061 28.605 27.640 33.506 28.657 26.132 24.512 23.731 23.472 23.301 24.174 
17.362 102.877 43.334 32.423 30.455 28.458 27.630 32.339 28.531 26.108 24.588 23.882 23.599 23.352 24.289 
18.392 nan 45.226 33.780 30.745 28.867 27.837 33.370 28.855 26.276 24.748 24.070 23.773 23.463 24.460 
19.482 nan 45.572 35.735 30.883 29.125 28.029 33.951 29.086 26.479 24.846 24.167 23.904 23.575 24.586 
20.638 108.080 48.785 37.225 31.519 29.623 28.511 34.279 29.595 26.772 24.949 24.311 24.049 23.627 24.731 
21.862 108.182 65.259 38.225 31.974 30.106 28.912 34.713 30.055 26.962 25.155 24.424 24.206 23.747 24.878 
23.158 nan nan 39.414 32.246 30.849 29.321 34.623 30.568 27.302 25.339 24.554 24.324 23.882 25.017 
24.532 nan 88.697 42.706 33.380 30.804 29.778 36.618 30.823 27.775 25.658 24.753 24.506 24.025 25.236 
25.987 nan 68.167 38.879 34.200 31.667 30.436 38.615 31.732 28.070 25.875 24.947 24.698 24.186 25.450 
27.528 113.867 91.452 nan 34.603 32.406 30.800 35.775 32.558 28.594 26.158 25.213 24.991 24.410 25.722 
29.160 nan 96.923 nan 38.568 32.891 30.740 43.698 32.446 28.872 26.401 25.566 25.361 24.800 26.067 
30.890 inf inf inf inf inf inf inf inf inf inf inf inf inf inf 
