# t[days] lsstu lsstg lsstr lssti lsstz lssty f062 f087 f106 f129 f158 f184 f213 f146 
0.103 26.502 25.814 27.434 29.340 28.914 30.144 26.999 29.002 30.069 29.707 29.663 35.370 33.622 30.030 
0.109 22.079 22.422 23.946 25.517 27.177 27.774 23.647 27.117 27.052 28.154 27.419 26.781 28.869 27.492 
0.116 21.908 22.299 21.842 25.710 22.450 23.414 22.231 22.949 24.276 23.591 26.758 27.600 32.267 24.328 
0.122 21.358 21.841 21.366 22.432 25.766 24.510 21.667 23.166 23.903 21.599 25.416 25.577 28.253 22.692 
0.130 20.818 21.474 21.409 23.728 22.764 25.540 21.680 23.280 22.581 23.550 28.230 30.590 29.672 23.807 
0.137 21.221 21.441 21.241 23.290 22.506 22.647 21.535 22.613 22.682 25.271 27.115 25.200 29.240 23.799 
0.145 20.653 21.425 21.598 22.308 24.086 23.961 21.799 22.805 24.518 22.958 24.693 24.641 25.928 23.805 
0.154 20.646 21.307 21.730 22.105 23.352 23.852 21.643 23.460 24.463 23.010 23.239 28.072 29.463 23.923 
0.163 20.735 21.252 22.127 21.863 23.065 24.036 21.980 22.593 23.418 22.023 23.007 24.956 25.131 22.928 
0.173 20.806 21.391 22.427 21.919 22.690 23.596 21.940 22.831 23.850 24.351 25.671 26.112 22.919 24.515 
0.183 20.639 20.962 21.533 22.603 21.897 23.231 21.475 22.512 22.695 23.216 24.849 24.985 24.970 23.446 
0.194 20.798 21.372 21.689 22.008 22.296 23.321 21.712 22.358 23.141 23.584 23.658 24.082 26.709 23.451 
0.206 20.725 21.405 22.054 23.122 23.029 23.003 22.116 23.049 23.594 23.636 23.334 24.456 27.138 23.703 
0.218 20.849 21.372 22.147 22.225 22.786 22.021 21.963 22.384 22.625 23.585 22.748 25.109 24.737 22.992 
0.231 20.920 21.460 21.905 22.360 22.719 22.130 21.873 22.518 22.828 24.068 24.715 25.005 24.168 23.682 
0.244 20.819 21.452 21.983 22.666 22.615 23.429 22.116 22.685 23.818 23.510 23.543 24.692 26.362 23.747 
0.259 21.032 21.680 22.166 22.584 22.255 23.443 22.172 22.525 22.761 22.685 23.046 23.791 24.520 23.030 
0.274 20.940 21.588 22.058 22.465 22.493 23.085 22.033 22.688 23.150 23.168 23.481 24.423 24.430 23.339 
0.290 20.960 21.564 22.006 22.856 22.692 23.202 22.109 22.865 23.115 23.695 24.198 24.783 24.648 23.716 
0.308 21.003 21.611 22.171 22.587 22.866 22.293 22.141 22.643 22.518 23.013 23.477 24.389 24.336 23.124 
0.326 21.143 21.629 22.247 22.637 22.330 23.095 22.213 22.575 23.084 23.313 23.691 23.656 24.226 23.359 
0.345 21.145 21.563 22.154 22.430 22.478 22.653 22.100 22.451 23.022 23.332 23.601 23.638 24.162 23.315 
0.366 21.261 21.719 22.282 22.476 22.579 22.927 22.182 22.644 23.105 23.342 23.427 24.323 24.904 23.381 
0.387 21.318 21.756 22.073 22.344 22.489 22.573 22.072 22.471 22.803 22.847 22.952 23.646 23.728 22.971 
0.410 21.375 21.849 22.157 22.575 22.261 22.488 22.217 22.374 22.733 22.926 23.503 24.013 24.544 23.137 
0.435 21.344 21.801 22.105 22.261 22.531 22.779 22.124 22.504 22.920 23.233 22.842 23.077 24.235 22.960 
0.461 21.451 21.758 22.047 22.193 22.594 22.645 22.002 22.500 22.646 22.810 22.984 23.242 23.447 22.837 
0.488 21.511 21.766 21.990 22.209 22.224 22.591 21.989 22.287 22.678 22.535 22.996 23.472 23.912 22.846 
0.517 21.524 21.883 21.919 22.144 22.369 22.406 21.959 22.341 22.437 22.498 23.085 23.609 23.583 22.752 
0.547 21.623 21.881 21.813 22.208 22.201 22.478 21.913 22.303 22.415 22.643 22.832 23.653 23.783 22.715 
0.580 21.774 21.917 21.928 21.987 22.154 22.061 21.951 22.060 22.128 22.360 22.657 23.155 23.372 22.455 
0.614 21.952 21.976 21.941 22.035 22.068 22.164 21.983 22.077 22.193 22.481 22.756 22.943 23.505 22.510 
0.651 22.220 21.999 21.893 21.910 22.011 22.090 21.884 22.018 22.080 22.242 22.641 22.804 23.274 22.373 
0.689 22.450 22.108 21.958 21.894 22.033 22.078 21.949 22.017 22.109 22.289 22.549 22.864 23.042 22.378 
0.730 22.565 22.289 22.003 22.008 22.001 22.137 22.046 22.046 22.125 22.266 22.579 22.659 23.195 22.352 
0.773 22.924 22.466 22.135 22.085 22.005 22.145 22.181 22.025 22.169 22.182 22.404 22.740 23.042 22.323 
0.819 23.101 22.593 22.258 22.118 22.007 22.082 22.271 22.040 22.148 22.152 22.340 22.655 22.917 22.281 
0.868 23.373 22.763 22.397 22.319 22.162 22.131 22.445 22.161 22.227 22.304 22.404 22.584 22.577 22.340 
0.919 23.536 22.908 22.517 22.344 22.276 22.223 22.542 22.239 22.263 22.265 22.349 22.574 22.743 22.332 
0.974 23.761 23.086 22.602 22.439 22.235 22.319 22.628 22.287 22.403 22.318 22.378 22.511 22.807 22.393 
1.032 24.100 23.266 22.802 22.555 22.431 22.394 22.799 22.437 22.472 22.408 22.369 22.524 22.723 22.445 
1.093 24.264 23.466 23.006 22.743 22.543 22.460 22.995 22.559 22.573 22.482 22.422 22.605 22.812 22.517 
1.158 24.621 23.687 23.145 22.809 22.661 22.608 23.127 22.675 22.662 22.595 22.518 22.579 22.759 22.593 
1.226 24.738 23.788 23.246 22.947 22.763 22.683 23.254 22.758 22.733 22.660 22.627 22.735 22.889 22.692 
1.299 25.150 23.972 23.422 23.118 22.973 22.795 23.419 22.952 22.855 22.713 22.637 22.692 22.882 22.722 
1.376 25.453 24.218 23.503 23.211 23.012 22.859 23.533 22.993 22.924 22.856 22.724 22.854 22.904 22.832 
1.458 25.809 24.258 23.611 23.275 23.013 23.008 23.621 23.040 23.018 22.847 22.731 22.738 23.000 22.835 
1.544 25.878 24.438 23.720 23.334 23.097 23.003 23.697 23.114 23.021 22.884 22.743 22.895 22.973 22.879 
1.636 26.303 24.568 23.842 23.432 23.193 23.146 23.839 23.205 23.158 22.905 22.795 22.897 22.987 22.932 
1.733 26.789 24.761 23.877 23.617 23.312 23.217 23.945 23.329 23.175 22.965 22.852 22.971 23.034 22.989 
1.836 27.514 24.915 24.092 23.726 23.349 23.347 24.110 23.406 23.283 23.014 22.875 23.097 23.052 23.066 
1.944 28.082 25.246 24.277 23.844 23.473 23.389 24.286 23.515 23.336 23.126 23.002 23.178 23.092 23.155 
2.060 28.769 25.530 24.467 24.047 23.586 23.572 24.490 23.664 23.500 23.197 23.020 23.143 23.242 23.210 
2.182 29.264 25.861 24.686 24.220 23.745 23.598 24.711 23.786 23.529 23.243 23.112 23.226 23.282 23.272 
2.311 29.868 26.259 24.940 24.412 23.844 23.741 24.945 23.925 23.638 23.378 23.146 23.324 23.358 23.360 
2.448 30.709 26.763 25.279 24.590 23.947 23.821 25.240 24.038 23.660 23.417 23.213 23.409 23.362 23.419 
2.594 31.052 27.118 25.537 24.762 24.143 23.979 25.478 24.216 23.790 23.439 23.224 23.421 23.446 23.458 
2.747 30.331 27.456 25.850 24.951 24.252 24.044 25.733 24.335 23.847 23.515 23.289 23.533 23.459 23.534 
2.910 33.232 27.771 26.121 25.146 24.476 24.179 25.971 24.522 23.919 23.628 23.329 23.512 23.494 23.592 
3.083 33.335 28.002 26.398 25.189 24.529 24.237 26.137 24.582 23.944 23.656 23.320 23.510 23.568 23.600 
3.266 32.426 28.327 26.541 25.303 24.672 24.281 26.257 24.720 23.962 23.741 23.310 23.559 23.538 23.630 
3.459 32.974 28.474 26.696 25.324 24.695 24.283 26.388 24.715 23.930 23.786 23.309 23.439 23.500 23.613 
3.665 34.208 28.677 26.931 25.394 24.714 24.339 26.542 24.750 23.968 23.790 23.267 23.410 23.444 23.598 
3.882 32.821 28.649 26.800 25.453 24.821 24.336 26.547 24.812 23.986 23.839 23.280 23.404 23.458 23.611 
4.112 35.541 28.787 26.959 25.478 24.861 24.419 26.642 24.861 24.026 23.856 23.286 23.374 23.416 23.613 
4.356 38.157 28.963 27.112 25.469 24.883 24.380 26.716 24.847 23.998 23.849 23.279 23.317 23.405 23.600 
4.614 36.937 29.094 27.104 25.531 24.924 24.417 26.749 24.882 24.000 23.844 23.246 23.297 23.343 23.583 
4.888 37.194 29.439 27.282 25.655 25.019 24.526 26.961 24.978 24.044 23.866 23.241 23.246 23.339 23.583 
5.178 38.185 29.837 27.585 25.864 25.223 24.734 27.237 25.186 24.183 23.926 23.274 23.277 23.367 23.638 
5.485 41.822 30.208 27.991 26.094 25.510 24.887 27.569 25.403 24.324 24.015 23.325 23.271 23.352 23.698 
5.810 40.370 30.796 28.427 26.519 25.776 25.075 28.090 25.659 24.509 24.149 23.394 23.290 23.420 23.782 
6.155 54.324 31.829 28.939 26.934 26.116 25.384 28.534 25.997 24.732 24.307 23.502 23.329 23.466 23.891 
6.520 45.304 32.326 29.680 27.510 26.513 25.811 29.345 26.430 24.988 24.505 23.620 23.423 23.544 24.029 
6.906 57.241 33.871 30.344 28.057 27.002 26.212 30.052 26.889 25.279 24.687 23.762 23.479 23.630 24.163 
7.316 67.273 35.296 31.529 28.686 27.601 26.588 30.979 27.387 25.532 24.892 23.896 23.554 23.697 24.296 
7.750 63.815 36.203 32.150 29.124 27.994 26.977 31.530 27.799 25.789 25.015 23.986 23.599 23.768 24.382 
8.210 75.780 35.626 32.137 29.524 28.380 27.284 31.810 28.134 26.079 25.172 24.099 23.662 23.856 24.499 
8.696 70.563 36.476 32.995 29.682 28.666 27.413 32.245 28.339 26.214 25.267 24.160 23.703 23.898 24.561 
9.212 71.936 39.000 34.177 30.197 28.959 27.638 33.132 28.619 26.448 25.377 24.283 23.802 24.005 24.678 
9.759 nan 37.491 34.028 30.237 29.329 27.892 33.381 28.907 26.601 25.554 24.435 23.919 24.134 24.818 
10.337 74.235 37.122 33.959 30.788 29.835 28.054 33.599 29.217 26.842 25.727 24.602 24.081 24.300 24.988 
10.950 nan 37.162 34.577 31.095 30.277 28.344 33.619 29.539 27.053 25.918 24.773 24.202 24.420 25.141 
11.600 76.537 36.855 34.902 31.601 30.702 28.801 34.434 30.028 27.492 26.235 24.979 24.402 24.619 25.370 
12.288 78.036 40.215 36.176 32.300 31.048 29.043 35.448 30.314 27.821 26.465 25.218 24.605 24.793 25.589 
13.016 nan 42.830 37.724 32.749 31.184 29.530 36.241 30.590 28.183 26.707 25.435 24.802 24.937 25.805 
13.788 95.996 37.581 35.605 33.056 31.408 29.502 35.597 30.691 28.375 26.838 25.646 25.027 25.059 26.009 
14.606 nan nan 36.942 33.344 31.333 29.810 36.030 30.897 28.676 27.021 25.850 25.306 25.245 26.240 
15.472 101.422 48.109 36.670 33.655 30.846 29.917 36.102 30.756 28.833 27.078 25.999 25.591 25.422 26.433 
16.390 103.436 44.418 36.356 33.601 31.044 29.976 35.436 30.921 28.990 27.189 26.130 25.930 25.585 26.650 
17.362 100.268 50.882 36.802 34.104 31.485 30.220 36.229 31.237 29.262 27.287 26.269 26.104 25.776 26.800 
18.392 105.206 59.620 37.120 34.666 31.748 30.809 36.009 31.654 29.625 27.396 26.366 26.293 25.873 26.946 
19.482 106.155 nan 38.215 35.210 32.208 31.309 37.257 32.198 30.039 27.605 26.492 26.471 26.013 27.101 
20.638 111.632 nan 44.284 36.390 32.634 31.363 39.594 32.352 30.306 27.764 26.590 26.598 26.170 27.222 
21.862 nan 85.281 40.377 37.112 33.195 32.449 39.988 33.284 30.797 28.003 26.709 26.768 26.332 27.395 
23.158 nan 88.277 41.910 39.377 33.956 32.376 41.205 33.678 30.959 28.247 26.885 26.955 26.432 27.577 
24.532 nan 89.084 46.241 37.493 35.102 33.138 39.942 34.426 31.425 28.509 27.071 27.077 26.583 27.761 
25.987 nan 90.611 72.560 38.004 35.425 33.896 45.090 34.958 31.946 28.869 27.254 27.260 26.784 27.968 
27.528 nan 92.040 nan 38.888 35.896 33.581 43.835 35.251 31.954 29.209 27.517 27.572 27.080 28.244 
29.160 nan 93.176 82.194 45.459 37.490 34.130 52.980 35.769 32.646 29.633 27.893 27.977 27.374 28.642 
30.890 inf inf inf inf inf inf inf inf inf inf inf inf inf inf 
