# t[days] lsstu lsstg lsstr lssti lsstz lssty f062 f087 f106 f129 f158 f184 f213 f146 
0.103 23.866 23.749 25.123 25.177 25.188 30.168 24.765 25.511 27.149 26.672 32.619 35.225 32.282 27.490 
0.109 20.673 19.594 22.773 23.485 23.893 24.270 21.000 24.193 23.720 22.770 24.257 25.794 32.900 23.452 
0.116 19.776 19.684 20.469 19.647 20.955 22.929 19.665 21.396 23.727 23.116 22.154 32.619 29.503 23.101 
0.122 19.486 19.238 19.999 22.697 25.898 21.183 19.884 23.012 19.411 19.372 27.007 25.117 26.391 20.414 
0.130 19.595 19.569 19.530 20.921 21.426 19.894 19.711 20.598 20.294 23.525 24.016 26.648 27.706 21.491 
0.137 18.860 19.091 19.747 20.772 20.238 22.718 19.985 20.482 22.726 23.089 25.578 25.510 31.170 23.458 
0.145 18.850 19.465 18.999 20.697 21.656 22.985 19.352 21.851 21.872 20.832 21.998 22.836 23.257 21.613 
0.154 18.608 19.594 19.783 19.895 20.449 20.215 19.783 20.228 21.265 20.867 23.609 23.732 24.829 21.484 
0.163 18.848 19.198 19.499 20.114 21.240 22.604 19.758 21.036 22.719 22.475 22.726 23.464 23.345 22.853 
0.173 18.518 18.993 19.890 20.572 21.083 20.395 19.852 20.740 20.661 22.080 22.275 23.427 20.965 21.529 
0.183 18.697 19.377 19.894 19.956 20.895 22.315 19.756 20.952 21.424 20.219 21.243 22.810 19.945 21.068 
0.194 18.804 19.186 19.829 19.698 20.864 21.132 19.677 20.394 21.265 20.618 22.225 23.114 21.979 21.351 
0.206 18.698 19.167 19.970 19.887 20.934 21.836 19.847 20.610 22.010 22.194 22.675 24.498 23.252 22.468 
0.218 18.709 19.472 19.833 21.262 20.121 21.607 19.962 20.697 21.676 20.873 21.208 21.971 22.800 21.490 
0.231 18.706 19.567 20.522 20.340 21.067 20.694 20.243 20.680 21.367 21.247 23.501 23.910 23.588 21.755 
0.244 18.918 19.651 19.980 20.368 20.380 20.565 19.970 20.630 20.634 21.281 22.004 22.920 22.106 21.248 
0.259 19.105 19.592 20.103 20.306 20.611 21.228 20.059 20.673 21.249 22.043 21.321 22.311 24.576 21.545 
0.274 18.975 19.735 20.061 20.706 20.826 20.360 20.149 20.657 20.867 21.700 22.511 22.934 22.691 21.590 
0.290 19.115 19.699 20.214 20.797 20.331 20.760 20.210 20.590 20.628 21.393 22.201 23.095 23.140 21.417 
0.308 18.955 19.542 19.982 20.320 20.419 21.144 19.945 20.635 21.530 21.114 21.424 22.167 22.892 21.422 
0.326 19.029 19.610 20.070 20.693 20.755 20.405 20.093 20.660 20.653 20.706 21.195 21.864 22.321 20.912 
0.345 19.339 19.647 19.991 20.740 20.437 20.617 20.093 20.633 20.707 21.229 21.597 21.189 22.641 21.083 
0.366 19.222 19.589 20.188 20.290 20.432 20.987 20.138 20.459 20.584 20.800 21.199 22.180 22.699 21.004 
0.387 19.199 19.730 20.056 20.415 20.472 20.973 20.068 20.571 21.040 20.792 21.558 22.161 22.693 21.236 
0.410 19.274 19.678 19.956 20.452 20.534 20.515 20.003 20.524 20.723 21.101 21.355 21.587 21.197 21.099 
0.435 19.295 19.746 20.051 20.299 20.520 20.080 20.062 20.400 20.459 20.716 21.365 21.741 22.255 20.890 
0.461 19.372 19.620 19.959 20.182 20.282 20.380 19.956 20.354 20.573 20.663 21.224 21.220 21.430 20.852 
0.488 19.419 19.635 19.791 19.996 20.032 20.572 19.816 20.089 20.466 20.606 21.001 21.135 21.344 20.741 
0.517 19.524 19.673 19.888 20.102 20.199 20.281 19.864 20.179 20.465 20.484 20.985 21.621 21.415 20.771 
0.547 19.574 19.641 19.700 19.990 20.135 20.155 19.750 20.086 20.167 20.258 20.927 21.136 21.235 20.521 
0.580 19.689 19.695 19.828 19.940 20.017 20.154 19.817 20.060 20.213 20.443 20.641 21.513 21.425 20.547 
0.614 19.962 19.771 19.838 19.930 20.041 19.900 19.835 19.980 20.036 20.250 20.417 20.970 20.911 20.325 
0.651 20.151 19.807 19.788 19.959 19.901 20.051 19.817 19.947 20.041 20.235 20.541 20.870 21.311 20.341 
0.689 20.584 19.947 19.857 19.885 19.996 19.949 19.854 19.933 20.093 20.288 20.462 20.773 20.991 20.359 
0.730 20.887 20.084 19.889 19.875 19.879 20.074 19.883 19.918 20.106 20.203 20.510 20.965 20.921 20.360 
0.773 21.283 20.317 20.085 19.943 19.909 20.074 20.068 19.944 20.054 20.093 20.546 20.739 21.006 20.278 
0.819 21.707 20.557 20.243 20.022 19.980 20.173 20.228 20.001 20.209 20.095 20.323 20.834 20.953 20.316 
0.868 21.949 20.796 20.406 20.229 20.100 20.109 20.390 20.103 20.169 20.161 20.303 20.423 20.721 20.244 
0.919 22.177 21.062 20.668 20.373 20.165 20.344 20.638 20.223 20.318 20.199 20.299 20.607 20.725 20.324 
0.974 22.501 21.363 20.853 20.500 20.421 20.583 20.796 20.459 20.550 20.326 20.371 20.568 20.800 20.448 
1.032 22.971 21.722 21.121 20.733 20.459 20.624 21.079 20.532 20.665 20.366 20.448 20.649 20.897 20.520 
1.093 23.446 21.885 21.249 20.928 20.613 20.770 21.224 20.694 20.779 20.489 20.448 20.535 20.919 20.581 
1.158 23.671 22.382 21.566 21.083 20.926 20.968 21.516 20.936 21.082 20.654 20.528 20.665 20.861 20.721 
1.226 24.126 22.570 21.735 21.240 21.063 21.043 21.726 21.029 21.158 20.714 20.531 20.723 20.921 20.761 
1.299 24.337 22.848 21.853 21.466 21.201 21.268 21.883 21.229 21.311 20.780 20.631 20.746 21.015 20.850 
1.376 24.910 23.222 22.046 21.590 21.328 21.282 22.056 21.341 21.326 20.808 20.692 20.840 21.085 20.905 
1.458 24.961 23.349 22.200 21.707 21.405 21.440 22.198 21.443 21.457 20.977 20.869 20.939 21.055 21.053 
1.544 25.720 23.737 22.459 21.938 21.543 21.710 22.474 21.630 21.624 21.052 20.866 20.843 21.107 21.090 
1.636 26.190 24.036 22.695 22.126 21.829 21.782 22.680 21.857 21.748 21.106 20.913 21.026 21.199 21.172 
1.733 26.659 24.328 22.821 22.367 22.099 22.032 22.861 22.100 21.916 21.234 20.988 21.051 21.294 21.264 
1.836 27.060 24.688 23.072 22.541 22.170 22.135 23.106 22.192 22.021 21.247 21.102 21.173 21.275 21.358 
1.944 27.196 25.114 23.141 22.821 22.437 22.231 23.243 22.443 22.111 21.421 21.249 21.294 21.361 21.494 
2.060 27.616 25.180 23.672 23.096 22.557 22.497 23.686 22.611 22.329 21.506 21.301 21.408 21.419 21.598 
2.182 28.517 25.508 23.787 23.341 22.610 22.424 23.877 22.650 22.351 21.606 21.394 21.538 21.518 21.690 
2.311 28.995 25.916 24.087 23.507 22.772 22.714 24.096 22.887 22.547 21.737 21.475 21.539 21.582 21.786 
2.448 29.853 26.273 24.405 23.786 23.083 22.759 24.443 23.087 22.568 21.739 21.511 21.644 21.638 21.824 
2.594 30.336 26.820 24.921 24.104 23.449 23.113 24.875 23.476 22.741 21.906 21.587 21.732 21.674 21.941 
2.747 30.429 27.040 25.350 24.400 23.577 23.198 25.249 23.599 22.897 21.930 21.621 21.821 21.823 22.005 
2.910 32.292 27.928 25.754 24.594 23.967 23.479 25.592 23.933 23.098 22.081 21.701 21.935 21.832 22.113 
3.083 31.868 28.261 26.082 24.883 24.166 23.584 25.847 24.145 23.187 22.156 21.680 21.906 21.879 22.133 
3.266 32.067 28.888 26.405 25.151 24.483 23.725 26.100 24.428 23.307 22.239 21.704 21.905 21.821 22.177 
3.459 38.684 29.013 27.002 25.217 24.621 23.958 26.445 24.600 23.405 22.305 21.691 21.852 21.856 22.184 
3.665 33.178 29.763 27.530 25.669 24.739 23.915 26.943 24.694 23.427 22.339 21.639 21.750 21.788 22.147 
3.882 30.738 29.859 27.304 25.632 24.851 23.972 26.796 24.748 23.489 22.350 21.628 21.779 21.786 22.159 
4.112 36.694 30.394 27.581 25.558 25.068 24.134 26.827 24.894 23.613 22.358 21.594 21.712 21.812 22.133 
4.356 32.791 30.169 28.250 25.865 25.052 24.166 27.244 24.956 23.604 22.310 21.527 21.686 21.756 22.087 
4.614 40.082 30.052 28.070 25.894 25.069 24.167 27.311 24.968 23.620 22.326 21.492 21.585 21.692 22.049 
4.888 40.810 30.499 28.591 26.028 25.199 24.277 27.486 25.064 23.688 22.328 21.468 21.564 21.672 22.037 
5.178 41.622 31.139 28.668 26.273 25.153 24.237 27.720 25.078 23.618 22.337 21.470 21.554 21.689 22.034 
5.485 61.868 30.792 29.144 26.235 25.444 24.502 27.824 25.320 23.694 22.354 21.439 21.582 21.666 22.039 
5.810 48.327 30.927 28.972 26.389 25.412 24.443 27.909 25.301 23.759 22.429 21.440 21.589 21.678 22.057 
6.155 62.963 32.482 29.094 26.818 25.867 24.750 28.245 25.717 23.883 22.534 21.487 21.614 21.744 22.116 
6.520 56.747 32.738 29.945 27.286 26.279 24.944 29.024 25.996 24.018 22.658 21.541 21.672 21.793 22.187 
6.906 52.286 32.419 30.699 27.736 26.378 25.178 29.450 26.181 24.249 22.819 21.628 21.700 21.872 22.280 
7.316 64.373 33.791 30.856 28.055 26.903 25.532 29.868 26.699 24.573 22.996 21.763 21.782 21.982 22.406 
7.750 83.212 39.525 31.418 28.768 27.209 25.789 30.098 26.991 24.755 23.131 21.858 21.819 22.071 22.499 
8.210 83.628 48.741 33.160 29.776 27.765 26.112 31.222 27.385 25.013 23.321 21.957 21.866 22.169 22.598 
8.696 87.148 43.571 31.810 30.114 28.226 26.412 31.266 27.870 25.200 23.379 21.998 21.884 22.245 22.640 
9.212 87.609 60.593 33.896 30.398 28.167 26.592 32.604 27.823 25.422 23.529 22.123 21.973 22.350 22.756 
9.759 nan 40.499 35.708 30.173 28.501 26.946 32.721 28.174 25.682 23.660 22.216 22.022 22.457 22.837 
10.337 91.001 67.936 33.394 31.114 28.632 27.276 32.963 28.476 25.862 23.787 22.367 22.147 22.548 22.976 
10.950 93.516 49.665 35.887 31.765 29.064 27.410 33.239 28.736 26.043 23.923 22.492 22.260 22.678 23.097 
11.600 nan 58.557 39.073 32.710 30.039 27.630 33.900 29.205 26.186 24.081 22.646 22.432 22.800 23.257 
12.288 96.707 61.160 39.315 32.685 30.420 28.159 35.567 29.627 26.387 24.234 22.809 22.568 22.887 23.405 
13.016 nan 55.513 39.977 33.950 30.085 28.583 38.081 29.924 26.518 24.377 23.009 22.705 22.988 23.565 
13.788 nan 51.824 39.138 34.657 31.453 28.992 37.785 30.690 26.516 24.478 23.234 22.849 23.083 23.728 
14.606 85.841 47.402 35.813 33.184 30.466 29.106 34.790 30.382 26.534 24.550 23.418 23.053 23.174 23.904 
15.472 103.962 48.546 35.007 32.102 29.531 28.677 34.369 29.790 26.428 24.589 23.637 23.278 23.258 24.086 
16.390 102.645 43.826 33.222 31.005 28.780 27.736 33.014 28.807 26.228 24.577 23.787 23.468 23.311 24.205 
17.362 103.469 43.714 35.134 30.492 28.720 27.747 33.866 28.716 26.207 24.649 23.937 23.650 23.428 24.346 
18.392 65.028 39.425 34.320 30.930 28.864 27.913 33.755 28.967 26.343 24.750 24.079 23.771 23.445 24.465 
19.482 nan 53.872 34.783 30.855 29.076 28.067 33.670 29.058 26.501 24.856 24.196 23.925 23.566 24.608 
20.638 nan 48.325 36.285 31.195 29.718 28.624 35.140 29.610 26.756 24.983 24.311 24.066 23.646 24.736 
21.862 nan nan 37.787 32.211 30.258 28.861 36.322 30.054 27.045 25.196 24.441 24.237 23.781 24.906 
23.158 nan 79.526 38.461 32.947 30.295 29.338 37.651 30.386 27.409 25.386 24.627 24.396 23.874 25.085 
24.532 nan nan 43.342 34.632 31.259 29.915 37.120 31.241 27.633 25.590 24.738 24.526 24.015 25.230 
25.987 nan nan 39.303 33.676 31.892 30.091 35.932 31.696 28.112 25.844 24.954 24.714 24.208 25.447 
27.528 112.895 nan 54.741 35.142 31.733 30.188 43.393 31.503 28.388 26.094 25.215 24.975 24.487 25.708 
29.160 nan nan 55.605 38.288 32.790 30.590 39.310 32.025 28.985 26.474 25.639 25.407 24.784 26.130 
30.890 inf inf inf inf inf inf inf inf inf inf inf inf inf inf 
