# t[days] lsstu lsstg lsstr lssti lsstz lssty f062 f087 f106 f129 f158 f184 f213 f146 
0.103 23.548 23.889 28.215 25.063 23.452 28.124 25.048 24.291 28.837 30.357 35.794 32.998 41.187 29.831 
0.109 21.648 22.120 22.137 21.459 22.452 23.723 21.613 22.752 24.573 24.939 23.639 32.063 31.673 24.451 
0.116 20.753 21.140 22.428 23.259 24.202 21.867 22.014 23.325 22.024 22.597 28.321 31.620 31.712 23.184 
0.122 20.556 20.611 20.434 20.409 20.982 21.181 20.800 20.283 22.114 24.068 23.683 23.513 25.206 22.968 
0.130 20.081 21.322 21.129 22.663 22.599 20.765 21.398 21.809 21.354 25.301 26.072 30.881 29.446 22.579 
0.137 20.373 21.150 20.875 22.345 22.674 21.071 21.255 22.240 21.563 22.587 21.978 21.788 21.442 21.785 
0.145 20.369 20.987 21.200 20.744 22.581 22.031 21.195 21.322 22.034 21.334 22.447 22.931 22.202 22.000 
0.154 20.401 20.510 20.923 21.273 21.503 23.229 20.962 21.680 22.367 21.306 24.871 22.539 24.862 22.149 
0.163 20.224 20.958 20.141 20.491 21.569 21.538 20.401 21.239 21.047 21.062 21.164 25.589 24.100 21.345 
0.173 20.113 20.388 21.279 20.517 22.811 22.843 20.751 21.983 22.605 22.904 20.763 24.064 25.196 21.725 
0.183 20.536 20.986 21.005 21.799 22.127 21.959 21.140 22.063 21.882 22.738 23.589 24.162 24.673 22.716 
0.194 20.755 20.926 21.102 21.629 20.804 22.318 21.229 21.236 22.331 22.998 22.790 22.147 24.334 22.497 
0.206 20.624 20.533 21.060 21.333 20.960 21.008 20.961 21.142 21.718 22.701 24.193 23.664 23.581 22.517 
0.218 20.510 20.601 21.630 21.387 21.271 21.479 21.249 21.514 21.270 23.249 22.775 23.797 25.267 22.158 
0.231 20.581 21.116 21.061 21.459 21.036 21.974 21.207 21.255 22.220 22.397 23.171 23.671 21.706 22.671 
0.244 20.842 20.874 21.133 21.201 21.576 21.387 21.111 21.652 21.252 21.355 23.166 22.795 21.351 21.840 
0.259 20.734 20.994 21.192 21.712 21.850 20.635 21.306 21.523 20.913 21.891 22.665 22.988 21.653 21.688 
0.274 20.847 21.094 21.239 21.362 21.757 22.037 21.307 21.714 21.647 21.652 22.322 23.592 23.304 21.978 
0.290 20.678 21.047 21.394 21.277 21.290 21.429 21.321 21.356 21.844 22.026 22.871 23.857 24.318 22.359 
0.308 20.761 20.916 21.290 21.414 22.102 21.935 21.271 21.722 22.298 22.863 22.731 24.044 23.503 22.744 
0.326 20.975 21.202 21.667 21.712 22.076 22.675 21.645 21.957 22.635 22.234 22.722 23.301 23.510 22.621 
0.345 20.953 21.251 21.586 21.943 21.770 22.453 21.632 21.900 22.511 22.889 22.342 22.765 22.564 22.583 
0.366 21.038 21.222 21.495 21.556 21.405 22.231 21.380 21.659 22.470 22.442 22.915 23.249 22.812 22.748 
0.387 21.010 21.374 21.684 21.490 21.652 22.154 21.539 21.751 22.145 22.604 22.671 23.162 23.387 22.534 
0.410 21.175 21.239 21.675 21.576 22.185 22.004 21.683 21.793 22.160 22.356 22.742 21.987 23.176 22.298 
0.435 21.155 21.381 21.599 22.056 22.131 22.377 21.644 22.193 22.241 22.459 22.200 22.593 23.272 22.346 
0.461 21.270 21.337 21.650 21.983 22.322 22.245 21.658 22.233 22.327 22.690 22.613 22.390 22.346 22.488 
0.488 21.227 21.378 21.867 21.961 22.187 22.151 21.729 22.127 22.149 22.140 22.282 22.759 22.582 22.252 
0.517 21.380 21.446 21.568 21.511 22.029 22.114 21.527 21.967 22.168 22.336 22.684 23.174 23.172 22.518 
0.547 21.490 21.594 21.775 21.852 21.870 21.992 21.707 22.017 22.093 22.091 22.608 22.496 22.793 22.264 
0.580 21.598 21.640 21.964 21.982 22.218 22.271 21.921 22.165 22.336 22.322 22.673 22.394 22.336 22.406 
0.614 21.601 21.623 21.828 22.038 22.203 21.928 21.830 22.036 22.020 22.432 22.542 22.412 22.658 22.320 
0.651 21.620 21.616 21.746 21.872 21.901 21.898 21.774 21.838 22.166 22.204 22.535 22.321 22.697 22.288 
0.689 21.697 21.691 21.818 21.726 22.164 22.039 21.774 21.978 22.223 22.405 22.473 22.415 22.556 22.358 
0.730 21.775 21.684 21.848 21.701 21.802 21.947 21.767 21.772 22.009 22.190 22.322 22.448 22.433 22.197 
0.773 21.921 21.747 21.752 21.663 21.887 22.034 21.710 21.897 22.076 22.143 22.217 22.086 22.181 22.139 
0.819 21.896 21.747 21.801 21.857 21.820 21.944 21.772 21.890 22.068 21.980 22.225 22.227 22.078 22.124 
0.868 22.009 21.896 21.952 21.899 21.884 22.081 21.891 21.948 22.213 22.128 22.298 22.379 22.422 22.234 
0.919 22.197 21.936 21.922 21.908 21.898 21.928 21.915 21.910 21.979 22.114 22.203 22.280 22.219 22.127 
0.974 22.205 21.987 21.957 21.966 21.959 21.968 21.945 21.955 22.064 22.185 22.144 22.236 22.395 22.161 
1.032 22.427 22.099 22.005 21.871 22.061 21.934 21.971 21.971 22.067 22.078 22.159 22.349 22.430 22.150 
1.093 22.636 22.224 22.100 21.936 21.998 22.026 22.088 21.978 22.088 22.068 22.152 22.136 22.203 22.110 
1.158 22.868 22.361 22.115 22.073 21.949 22.069 22.146 22.000 22.115 22.013 22.073 22.225 22.570 22.097 
1.226 22.895 22.443 22.205 22.001 21.960 22.052 22.182 21.997 22.104 21.968 22.067 22.233 22.249 22.071 
1.299 23.052 22.478 22.229 22.093 21.972 22.034 22.242 21.987 22.052 22.009 22.192 22.196 22.353 22.121 
1.376 23.275 22.564 22.229 22.004 21.954 21.988 22.216 21.967 22.039 21.967 22.174 22.202 22.143 22.074 
1.458 23.552 22.684 22.288 22.057 22.141 21.924 22.277 22.045 21.950 21.926 22.060 22.213 22.301 22.028 
1.544 23.787 22.786 22.284 22.108 22.058 21.923 22.293 22.023 21.963 21.920 22.061 22.149 22.335 22.010 
1.636 24.048 22.933 22.387 22.135 22.026 21.979 22.412 22.009 21.964 21.898 22.063 22.083 22.174 22.001 
1.733 24.315 23.008 22.454 22.149 22.087 22.030 22.469 22.053 21.988 21.939 22.015 22.032 22.181 21.999 
1.836 24.549 23.176 22.577 22.221 22.160 22.112 22.571 22.137 22.024 21.948 21.970 22.001 22.149 21.996 
1.944 24.896 23.374 22.724 22.428 22.213 22.107 22.750 22.204 22.048 21.969 22.080 22.132 22.173 22.049 
2.060 25.272 23.462 22.898 22.473 22.330 22.158 22.860 22.287 22.117 22.001 22.044 22.094 22.206 22.071 
2.182 25.602 23.625 22.888 22.567 22.401 22.247 22.912 22.373 22.160 22.049 22.070 22.141 22.166 22.106 
2.311 25.923 23.760 22.987 22.644 22.485 22.265 23.005 22.450 22.175 22.031 22.101 22.242 22.173 22.137 
2.448 26.349 23.935 23.068 22.714 22.551 22.339 23.104 22.499 22.248 22.075 22.130 22.231 22.263 22.170 
2.594 26.612 24.049 23.182 22.753 22.596 22.391 23.195 22.552 22.259 22.085 22.126 22.182 22.165 22.168 
2.747 26.999 24.207 23.303 22.846 22.604 22.341 23.312 22.547 22.230 22.079 22.104 22.245 22.215 22.156 
2.910 27.244 24.360 23.341 22.966 22.663 22.411 23.386 22.641 22.276 22.108 22.108 22.282 22.207 22.190 
3.083 27.682 24.598 23.512 23.095 22.720 22.452 23.551 22.712 22.313 22.155 22.157 22.288 22.188 22.228 
3.266 28.446 24.753 23.608 23.104 22.770 22.497 23.625 22.749 22.348 22.195 22.110 22.264 22.191 22.228 
3.459 29.184 25.146 23.725 23.255 22.828 22.558 23.779 22.834 22.365 22.204 22.157 22.356 22.148 22.264 
3.665 29.552 25.588 23.998 23.362 22.863 22.553 24.005 22.872 22.392 22.221 22.135 22.292 22.091 22.253 
3.882 30.522 25.920 24.224 23.466 22.970 22.600 24.192 22.968 22.424 22.244 22.107 22.328 22.189 22.267 
4.112 30.772 26.223 24.470 23.649 23.092 22.667 24.398 23.097 22.465 22.292 22.152 22.389 22.196 22.312 
4.356 30.758 26.495 24.684 23.778 23.174 22.686 24.547 23.179 22.502 22.344 22.151 22.339 22.171 22.327 
4.614 31.825 26.715 24.962 23.851 23.291 22.828 24.720 23.297 22.636 22.402 22.152 22.383 22.196 22.382 
4.888 33.054 26.902 25.122 23.986 23.389 22.907 24.862 23.398 22.686 22.493 22.197 22.379 22.204 22.430 
5.178 33.049 26.984 25.414 24.067 23.502 23.005 25.043 23.507 22.759 22.533 22.181 22.355 22.190 22.450 
5.485 33.516 27.243 25.684 24.195 23.601 23.103 25.212 23.607 22.871 22.613 22.224 22.355 22.203 22.507 
5.810 33.489 27.489 25.878 24.253 23.751 23.191 25.347 23.725 22.934 22.674 22.220 22.347 22.202 22.524 
6.155 35.321 27.825 26.052 24.442 23.859 23.314 25.550 23.845 23.045 22.763 22.231 22.340 22.231 22.569 
6.520 32.776 27.942 26.310 24.639 24.094 23.467 25.757 24.047 23.170 22.866 22.296 22.361 22.265 22.642 
6.906 35.392 28.343 26.639 24.885 24.290 23.696 26.028 24.261 23.359 23.012 22.367 22.373 22.275 22.732 
7.316 37.677 28.924 27.028 25.207 24.535 23.854 26.405 24.487 23.515 23.109 22.408 22.398 22.325 22.798 
7.750 43.075 29.478 27.390 25.465 24.799 24.079 26.747 24.713 23.645 23.208 22.451 22.362 22.325 22.840 
8.210 47.462 30.459 27.953 25.925 25.078 24.240 27.290 24.965 23.798 23.358 22.526 22.416 22.363 22.928 
8.696 53.631 30.751 28.570 26.347 25.469 24.506 27.787 25.314 24.000 23.525 22.604 22.410 22.370 23.008 
9.212 55.280 31.368 29.101 26.992 25.803 24.785 28.428 25.639 24.199 23.685 22.685 22.427 22.431 23.094 
9.759 48.303 32.960 29.976 27.500 26.242 25.179 29.168 26.075 24.492 23.882 22.784 22.488 22.476 23.212 
10.337 63.973 33.008 30.250 27.847 26.689 25.444 29.418 26.410 24.749 24.085 22.873 22.513 22.538 23.304 
10.950 76.773 34.625 30.532 28.394 27.200 25.818 30.116 26.886 24.984 24.248 22.970 22.566 22.596 23.400 
11.600 70.303 35.382 31.414 28.705 27.610 26.070 30.692 27.184 25.199 24.434 23.087 22.649 22.663 23.515 
12.288 nan 36.216 32.237 29.137 28.078 26.412 30.962 27.599 25.466 24.614 23.206 22.740 22.758 23.639 
13.016 nan 35.329 32.148 29.773 28.610 26.658 31.748 27.965 25.647 24.781 23.364 22.878 22.859 23.789 
13.788 nan 38.665 34.228 30.308 29.130 27.060 32.539 28.463 25.999 24.991 23.496 23.004 23.013 23.936 
14.606 nan 36.903 33.603 30.885 29.613 27.550 33.190 28.924 26.342 25.178 23.667 23.163 23.148 24.107 
15.472 78.785 41.986 35.847 31.419 30.147 27.927 34.052 29.387 26.597 25.416 23.866 23.347 23.316 24.302 
16.390 nan 39.357 36.127 31.823 30.411 28.201 34.247 29.622 26.952 25.662 24.073 23.522 23.481 24.503 
17.362 95.856 47.983 38.883 31.937 30.864 28.509 34.637 29.891 27.260 25.825 24.259 23.740 23.709 24.699 
18.392 94.932 40.980 36.202 32.968 31.110 28.943 35.769 30.375 27.596 26.081 24.443 23.928 23.923 24.887 
19.482 97.794 49.600 37.739 33.342 31.516 29.473 36.688 30.888 27.877 26.281 24.741 24.218 24.132 25.172 
20.638 nan 54.017 39.082 33.363 31.871 29.717 35.159 31.007 28.274 26.478 25.019 24.612 24.410 25.494 
21.862 nan 52.401 40.287 34.561 31.710 30.060 37.943 31.203 28.598 26.662 25.279 24.867 24.656 25.747 
23.158 102.132 43.960 41.113 34.705 31.912 30.818 36.715 31.863 28.847 26.744 25.522 25.183 24.876 25.986 
24.532 nan 66.016 36.942 35.509 31.522 30.509 36.899 31.458 29.232 26.889 25.771 25.567 25.127 26.269 
25.987 nan 74.637 43.225 36.187 32.446 31.451 38.255 32.354 29.508 27.089 26.005 25.994 25.324 26.561 
27.528 nan nan 47.164 36.578 33.013 31.544 39.812 32.801 29.855 27.319 26.124 26.219 25.448 26.729 
29.160 nan nan nan 37.293 33.993 32.325 44.938 33.806 30.300 27.622 26.332 26.396 25.622 26.936 
30.890 inf inf inf inf inf inf inf inf inf inf inf inf inf inf 
